1 2271102389
2 52754443
3 15004019
4 7829428
5 4212984
6 2744163
7 2045169
8 1459043
9 1050755
10 832460
11 657151
12 535302
13 442771
14 380102
15 328817
16 286526
17 253124
18 223673
19 201544
20 181320
21 165695
22 150949
23 135265
24 122666
25 113244
26 104443
27 95368
28 86715
29 79815
30 73875
31 68530
32 63776
33 60085
34 55862
35 53390
36 49856
37 47156
38 45457
39 42730
40 40608
41 39180
42 37688
43 35832
44 34675
45 36238
46 37292
47 31652
48 29188
49 27856
50 26131
51 24974
52 24617
53 24627
54 24703
55 22793
56 23619
57 20127
58 18948
59 18667
60 17657
61 17296
62 16801
63 16270
64 15774
65 15496
66 14928
67 15138
68 14272
69 14426
70 13921
71 13247
72 14289
73 12014
74 11201
75 11040
76 10769
77 10688
78 10301
79 10058
80 9524
81 9413
82 8981
83 8796
84 8849
85 8530
86 8192
87 8273
88 7814
89 7670
90 7397
91 7570
92 7111
93 6975
94 6929
95 6603
96 6634
97 6392
98 6283
99 6122
100 6141
101 6075
102 5875
103 5842
104 5577
105 5363
106 5534
107 5403
108 5247
109 5111
110 5078
111 4966
112 5055
113 4658
114 4653
115 4503
116 4475
117 4365
118 4383
119 4271
120 4140
121 4015
122 4080
123 4053
124 4166
125 4318
126 4347
127 3881
128 3888
129 3705
130 3744
131 3567
132 3483
133 3497
134 3428
135 3242
136 3253
137 3286
138 3098
139 3150
140 3070
141 3210
142 3019
143 3055
144 3064
145 2979
146 2908
147 2994
148 2920
149 2865
150 2818
151 2817
152 2757
153 2565
154 2703
155 2565
156 2538
157 2511
158 2526
159 2491
160 2479
161 2648
162 2513
163 2473
164 2401
165 2323
166 2327
167 2276
168 2122
169 2235
170 2167
171 2159
172 2105
173 2008
174 2113
175 1980
176 2027
177 2022
178 1993
179 1964
180 2002
181 2165
182 2302
183 1988
184 2019
185 1906
186 1878
187 1779
188 1793
189 1731
190 1771
191 1657
192 1607
193 1613
194 1571
195 1622
196 1536
197 1551
198 1525
199 1547
200 1471
201 1467
202 1519
203 1537
204 1444
205 1568
206 1420
207 1437
208 1481
209 1450
210 1363
211 1322
212 1278
213 1349
214 1271
215 1319
216 1325
217 1407
218 1944
219 15392
220 3480
221 2592
222 2044
223 2915
224 5941
225 2021
226 1577
227 1527
228 1433
229 1262
230 1357
231 1178
232 1108
233 1147
234 1035
235 1057
236 1010
237 1002
238 948
239 992
240 1001
241 991
242 970
243 927
244 912
245 906
246 924
247 974
248 877
249 901
250 888
251 910
252 915
253 847
254 906
255 857
256 836
257 877
258 934
259 869
260 830
261 820
262 845
263 735
264 839
265 760
266 820
267 743
268 709
269 828
270 788
271 787
272 748
273 731
274 699
275 706
276 728
277 747
278 698
279 668
280 639
281 667
282 665
283 672
284 642
285 689
286 644
287 638
288 627
289 674
290 640
291 621
292 659
293 630
294 633
295 629
296 760
297 680
298 674
299 607
300 562
301 611
302 626
303 616
304 577
305 575
306 603
307 602
308 612
309 579
310 615
311 612
312 594
313 576
314 558
315 534
316 576
317 492
318 528
319 524
320 571
321 530
322 523
323 574
324 534
325 500
326 542
327 514
328 573
329 523
330 531
331 503
332 495
333 570
334 477
335 505
336 520
337 493
338 487
339 492
340 462
341 476
342 465
343 476
344 470
345 458
346 484
347 454
348 435
349 476
350 462
351 405
352 425
353 436
354 442
355 450
356 420
357 458
358 419
359 455
360 427
361 388
362 426
363 439
364 494
365 463
366 432
367 381
368 423
369 402
370 439
371 450
372 404
373 401
374 391
375 419
376 445
377 393
378 394
379 426
380 410
381 422
382 397
383 405
384 361
385 399
386 367
387 366
388 384
389 331
390 353
391 371
392 361
393 332
394 339
395 329
396 342
397 338
398 315
399 374
400 362
401 384
402 507
403 401
404 337
405 396
406 340
407 357
408 375
409 319
410 360
411 332
412 322
413 307
414 321
415 356
416 305
417 306
418 298
419 363
420 291
421 364
422 319
423 297
424 354
425 315
426 307
427 298
428 296
429 292
430 293
431 301
432 288
433 300
434 299
435 298
436 274
437 288
438 315
439 434
440 648
441 352
442 363
443 304
444 312
445 318
446 321
447 270
448 284
449 306
450 294
451 303
452 307
453 286
454 255
455 271
456 262
457 240
458 243
459 277
460 274
461 263
462 242
463 258
464 262
465 239
466 238
467 237
468 250
469 259
470 253
471 234
472 252
473 222
474 231
475 280
476 276
477 255
478 209
479 243
480 242
481 256
482 222
483 232
484 260
485 243
486 207
487 202
488 231
489 211
490 245
491 186
492 206
493 242
494 237
495 220
496 215
497 226
498 210
499 225
500 182
501 197
502 199
503 182
504 184
505 200
506 180
507 169
508 178
509 206
510 194
511 170
512 191
513 198
514 191
515 181
516 199
517 210
518 191
519 189
520 178
521 193
522 203
523 188
524 186
525 174
526 177
527 177
528 162
529 180
530 179
531 203
532 162
533 186
534 175
535 187
536 186
537 165
538 181
539 151
540 198
541 172
542 201
543 219
544 196
545 168
546 175
547 200
548 176
549 164
550 186
551 177
552 182
553 190
554 163
555 165
556 201
557 168
558 171
559 150
560 153
561 162
562 177
563 185
564 144
565 170
566 154
567 165
568 151
569 155
570 171
571 146
572 159
573 176
574 178
575 143
576 142
577 149
578 161
579 140
580 144
581 139
582 138
583 164
584 152
585 144
586 159
587 146
588 158
589 133
590 169
591 146
592 142
593 140
594 157
595 124
596 151
597 117
598 150
599 154
600 139
601 162
602 132
603 117
604 141
605 158
606 130
607 126
608 156
609 144
610 166
611 136
612 153
613 133
614 138
615 147
616 130
617 132
618 126
619 144
620 139
621 129
622 143
623 154
624 143
625 146
626 145
627 139
628 131
629 148
630 140
631 143
632 150
633 119
634 151
635 157
636 195
637 144
638 131
639 143
640 219
641 140
642 141
643 139
644 132
645 148
646 133
647 100
648 117
649 132
650 135
651 138
652 150
653 120
654 146
655 129
656 139
657 159
658 153
659 126
660 123
661 146
662 132
663 173
664 131
665 151
666 136
667 153
668 156
669 143
670 121
671 122
672 128
673 120
674 141
675 138
676 127
677 126
678 130
679 123
680 121
681 120
682 116
683 141
684 139
685 123
686 109
687 130
688 98
689 125
690 97
691 122
692 130
693 105
694 120
695 113
696 97
697 104
698 132
699 110
700 121
701 105
702 132
703 114
704 112
705 154
706 134
707 130
708 129
709 125
710 107
711 123
712 106
713 101
714 113
715 107
716 111
717 115
718 111
719 119
720 89
721 117
722 112
723 105
724 107
725 114
726 109
727 116
728 131
729 104
730 128
731 126
732 106
733 90
734 95
735 95
736 97
737 76
738 112
739 112
740 123
741 101
742 110
743 98
744 102
745 104
746 99
747 106
748 115
749 97
750 90
751 102
752 109
753 103
754 107
755 80
756 115
757 94
758 105
759 115
760 107
761 109
762 126
763 103
764 105
765 108
766 117
767 110
768 121
769 103
770 148
771 101
772 102
773 124
774 126
775 131
776 116
777 116
778 114
779 112
780 127
781 144
782 113
783 102
784 107
785 99
786 103
787 110
788 97
789 100
790 97
791 105
792 110
793 97
794 101
795 95
796 104
797 85
798 93
799 98
800 93
801 106
802 118
803 93
804 90
805 87
806 99
807 112
808 95
809 92
810 90
811 99
812 95
813 103
814 93
815 109
816 84
817 110
818 92
819 77
820 86
821 68
822 95
823 88
824 91
825 111
826 110
827 110
828 103
829 83
830 74
831 79
832 71
833 70
834 75
835 81
836 91
837 75
838 66
839 73
840 76
841 98
842 85
843 74
844 78
845 84
846 58
847 80
848 84
849 69
850 79
851 60
852 84
853 88
854 74
855 74
856 75
857 79
858 81
859 80
860 98
861 75
862 91
863 97
864 68
865 84
866 74
867 85
868 97
869 71
870 64
871 93
872 66
873 81
874 73
875 69
876 64
877 79
878 65
879 69
880 71
881 76
882 82
883 78
884 88
885 85
886 83
887 77
888 76
889 80
890 73
891 61
892 86
893 70
894 89
895 87
896 72
897 68
898 96
899 86
900 81
901 80
902 88
903 79
904 71
905 64
906 93
907 75
908 88
909 107
910 70
911 63
912 66
913 71
914 92
915 83
916 70
917 101
918 87
919 57
920 70
921 75
922 86
923 86
924 94
925 91
926 109
927 92
928 106
929 91
930 102
931 96
932 111
933 86
934 98
935 136
936 98
937 96
938 118
939 88
940 69
941 92
942 110
943 101
944 129
945 112
946 116
947 105
948 112
949 102
950 106
951 92
952 115
953 82
954 65
955 71
956 63
957 68
958 82
959 73
960 71
961 63
962 76
963 72
964 81
965 69
966 65
967 61
968 62
969 72
970 71
971 72
972 77
973 64
974 65
975 74
976 73
977 62
978 67
979 63
980 61
981 55
982 62
983 80
984 60
985 67
986 59
987 58
988 60
989 68
990 78
991 71
992 67
993 61
994 72
995 60
996 79
997 73
998 61
999 61
1000 61
1001 61
1002 64
1003 74
1004 54
1005 63
1006 74
1007 44
1008 67
1009 60
1010 61
1011 72
1012 65
1013 76
1014 86
1015 68
1016 71
1017 62
1018 61
1019 67
1020 66
1021 65
1022 69
1023 62
1024 60
1025 70
1026 65
1027 50
1028 68
1029 60
1030 62
1031 62
1032 57
1033 68
1034 63
1035 59
1036 66
1037 57
1038 52
1039 56
1040 58
1041 61
1042 51
1043 57
1044 45
1045 67
1046 59
1047 64
1048 57
1049 56
1050 56
1051 70
1052 57
1053 66
1054 61
1055 70
1056 56
1057 62
1058 71
1059 55
1060 57
1061 61
1062 57
1063 56
1064 60
1065 58
1066 51
1067 57
1068 56
1069 53
1070 44
1071 54
1072 71
1073 56
1074 44
1075 59
1076 43
1077 57
1078 46
1079 54
1080 67
1081 73
1082 54
1083 52
1084 56
1085 65
1086 46
1087 62
1088 64
1089 54
1090 65
1091 45
1092 53
1093 63
1094 63
1095 49
1096 66
1097 46
1098 68
1099 54
1100 61
1101 67
1102 63
1103 44
1104 54
1105 59
1106 62
1107 49
1108 55
1109 57
1110 55
1111 50
1112 42
1113 48
1114 41
1115 37
1116 38
1117 43
1118 46
1119 41
1120 51
1121 36
1122 54
1123 45
1124 46
1125 51
1126 50
1127 55
1128 44
1129 64
1130 35
1131 54
1132 42
1133 58
1134 60
1135 47
1136 60
1137 49
1138 52
1139 52
1140 49
1141 52
1142 38
1143 44
1144 42
1145 33
1146 53
1147 49
1148 54
1149 56
1150 47
1151 47
1152 40
1153 47
1154 40
1155 51
1156 42
1157 45
1158 49
1159 44
1160 52
1161 42
1162 47
1163 50
1164 45
1165 39
1166 52
1167 50
1168 42
1169 32
1170 34
1171 45
1172 48
1173 40
1174 50
1175 35
1176 35
1177 43
1178 44
1179 38
1180 40
1181 42
1182 51
1183 49
1184 33
1185 53
1186 41
1187 49
1188 30
1189 42
1190 45
1191 55
1192 42
1193 48
1194 44
1195 38
1196 48
1197 34
1198 53
1199 56
1200 41
1201 41
1202 45
1203 25
1204 44
1205 56
1206 63
1207 43
1208 52
1209 52
1210 48
1211 63
1212 42
1213 46
1214 45
1215 48
1216 45
1217 50
1218 50
1219 44
1220 46
1221 41
1222 45
1223 48
1224 48
1225 56
1226 53
1227 45
1228 46
1229 48
1230 48
1231 40
1232 55
1233 40
1234 48
1235 51
1236 60
1237 48
1238 57
1239 42
1240 45
1241 57
1242 44
1243 39
1244 49
1245 31
1246 65
1247 48
1248 50
1249 42
1250 60
1251 54
1252 38
1253 54
1254 53
1255 60
1256 50
1257 67
1258 53
1259 52
1260 62
1261 61
1262 66
1263 50
1264 64
1265 39
1266 45
1267 52
1268 53
1269 46
1270 35
1271 44
1272 51
1273 59
1274 53
1275 48
1276 39
1277 58
1278 48
1279 46
1280 44
1281 59
1282 44
1283 40
1284 48
1285 51
1286 53
1287 40
1288 54
1289 58
1290 66
1291 38
1292 46
1293 44
1294 53
1295 45
1296 66
1297 44
1298 38
1299 34
1300 44
1301 40
1302 44
1303 39
1304 40
1305 48
1306 35
1307 44
1308 35
1309 36
1310 51
1311 45
1312 44
1313 44
1314 47
1315 43
1316 26
1317 36
1318 25
1319 38
1320 45
1321 48
1322 44
1323 38
1324 36
1325 54
1326 45
1327 30
1328 41
1329 40
1330 39
1331 28
1332 28
1333 39
1334 39
1335 53
1336 41
1337 50
1338 29
1339 52
1340 57
1341 52
1342 43
1343 53
1344 45
1345 38
1346 33
1347 51
1348 37
1349 32
1350 31
1351 42
1352 43
1353 33
1354 40
1355 35
1356 43
1357 25
1358 48
1359 44
1360 45
1361 36
1362 41
1363 39
1364 52
1365 43
1366 33
1367 37
1368 37
1369 42
1370 48
1371 48
1372 52
1373 45
1374 53
1375 44
1376 39
1377 52
1378 55
1379 44
1380 48
1381 48
1382 45
1383 47
1384 54
1385 46
1386 46
1387 41
1388 45
1389 44
1390 50
1391 46
1392 41
1393 39
1394 43
1395 45
1396 50
1397 39
1398 50
1399 29
1400 40
1401 39
1402 53
1403 39
1404 47
1405 42
1406 40
1407 38
1408 39
1409 50
1410 43
1411 36
1412 44
1413 22
1414 51
1415 46
1416 46
1417 43
1418 44
1419 42
1420 34
1421 56
1422 42
1423 34
1424 34
1425 54
1426 44
1427 45
1428 29
1429 48
1430 58
1431 44
1432 41
1433 49
1434 42
1435 56
1436 58
1437 48
1438 40
1439 59
1440 49
1441 64
1442 37
1443 43
1444 47
1445 51
1446 50
1447 45
1448 42
1449 59
1450 61
1451 54
1452 49
1453 62
1454 76
1455 57
1456 46
1457 50
1458 36
1459 39
1460 50
1461 44
1462 37
1463 34
1464 43
1465 38
1466 37
1467 44
1468 38
1469 43
1470 35
1471 43
1472 44
1473 24
1474 25
1475 43
1476 38
1477 38
1478 46
1479 42
1480 44
1481 34
1482 37
1483 39
1484 39
1485 38
1486 38
1487 32
1488 33
1489 37
1490 39
1491 32
1492 45
1493 35
1494 32
1495 44
1496 41
1497 29
1498 29
1499 27
1500 29
1501 33
1502 35
1503 30
1504 38
1505 37
1506 23
1507 25
1508 25
1509 22
1510 27
1511 29
1512 35
1513 32
1514 37
1515 37
1516 26
1517 35
1518 35
1519 46
1520 35
1521 34
1522 38
1523 23
1524 26
1525 35
1526 33
1527 24
1528 34
1529 34
1530 28
1531 37
1532 39
1533 25
1534 24
1535 44
1536 46
1537 44
1538 37
1539 38
1540 23
1541 36
1542 32
1543 26
1544 30
1545 23
1546 31
1547 38
1548 44
1549 33
1550 31
1551 30
1552 37
1553 33
1554 28
1555 28
1556 27
1557 33
1558 26
1559 30
1560 28
1561 28
1562 35
1563 28
1564 40
1565 32
1566 28
1567 27
1568 37
1569 28
1570 36
1571 34
1572 27
1573 33
1574 28
1575 41
1576 33
1577 28
1578 36
1579 27
1580 33
1581 32
1582 37
1583 34
1584 29
1585 31
1586 31
1587 28
1588 36
1589 18
1590 22
1591 29
1592 37
1593 31
1594 26
1595 32
1596 20
1597 32
1598 39
1599 30
1600 20
1601 29
1602 42
1603 23
1604 26
1605 25
1606 35
1607 30
1608 16
1609 27
1610 29
1611 24
1612 31
1613 30
1614 44
1615 29
1616 33
1617 24
1618 25
1619 26
1620 25
1621 41
1622 24
1623 30
1624 32
1625 29
1626 26
1627 29
1628 37
1629 33
1630 35
1631 36
1632 41
1633 24
1634 31
1635 35
1636 34
1637 30
1638 26
1639 25
1640 33
1641 32
1642 32
1643 33
1644 25
1645 40
1646 25
1647 31
1648 27
1649 27
1650 26
1651 22
1652 31
1653 29
1654 35
1655 27
1656 30
1657 39
1658 39
1659 26
1660 34
1661 34
1662 23
1663 30
1664 33
1665 31
1666 29
1667 32
1668 28
1669 28
1670 25
1671 31
1672 30
1673 33
1674 37
1675 33
1676 26
1677 28
1678 24
1679 26
1680 45
1681 27
1682 33
1683 26
1684 18
1685 24
1686 24
1687 32
1688 33
1689 22
1690 25
1691 40
1692 25
1693 14
1694 24
1695 31
1696 24
1697 18
1698 29
1699 29
1700 33
1701 28
1702 25
1703 25
1704 30
1705 23
1706 30
1707 20
1708 25
1709 15
1710 26
1711 25
1712 37
1713 22
1714 30
1715 26
1716 23
1717 37
1718 33
1719 36
1720 36
1721 44
1722 31
1723 24
1724 28
1725 40
1726 18
1727 28
1728 34
1729 36
1730 28
1731 37
1732 31
1733 32
1734 27
1735 33
1736 40
1737 29
1738 33
1739 36
1740 19
1741 35
1742 29
1743 33
1744 17
1745 37
1746 26
1747 38
1748 34
1749 29
1750 27
1751 25
1752 30
1753 32
1754 30
1755 39
1756 33
1757 34
1758 23
1759 26
1760 29
1761 33
1762 29
1763 40
1764 32
1765 31
1766 33
1767 27
1768 28
1769 33
1770 23
1771 27
1772 28
1773 22
1774 35
1775 24
1776 23
1777 22
1778 16
1779 23
1780 29
1781 19
1782 17
1783 19
1784 33
1785 36
1786 19
1787 23
1788 24
1789 24
1790 22
1791 23
1792 16
1793 17
1794 20
1795 19
1796 20
1797 14
1798 26
1799 29
1800 19
1801 21
1802 21
1803 24
1804 22
1805 22
1806 17
1807 17
1808 23
1809 13
1810 22
1811 23
1812 21
1813 25
1814 22
1815 27
1816 20
1817 26
1818 29
1819 22
1820 31
1821 26
1822 23
1823 15
1824 18
1825 16
1826 17
1827 18
1828 17
1829 16
1830 26
1831 21
1832 23
1833 23
1834 28
1835 27
1836 18
1837 12
1838 18
1839 14
1840 25
1841 18
1842 19
1843 21
1844 13
1845 20
1846 11
1847 17
1848 17
1849 12
1850 10
1851 15
1852 16
1853 20
1854 22
1855 17
1856 17
1857 17
1858 18
1859 18
1860 13
1861 17
1862 14
1863 20
1864 14
1865 15
1866 16
1867 18
1868 4
1869 10
1870 16
1871 18
1872 19
1873 15
1874 16
1875 16
1876 19
1877 18
1878 20
1879 13
1880 16
1881 16
1882 16
1883 21
1884 14
1885 17
1886 16
1887 21
1888 15
1889 18
1890 22
1891 15
1892 14
1893 8
1894 22
1895 15
1896 17
1897 13
1898 14
1899 20
1900 23
1901 20
1902 21
1903 11
1904 18
1905 21
1906 14
1907 14
1908 25
1909 16
1910 11
1911 16
1912 16
1913 7
1914 15
1915 13
1916 15
1917 18
1918 22
1919 11
1920 13
1921 18
1922 9
1923 13
1924 14
1925 18
1926 16
1927 22
1928 25
1929 15
1930 19
1931 16
1932 26
1933 14
1934 28
1935 12
1936 12
1937 18
1938 23
1939 15
1940 18
1941 21
1942 21
1943 14
1944 14
1945 19
1946 18
1947 23
1948 25
1949 20
1950 18
1951 22
1952 20
1953 22
1954 18
1955 14
1956 20
1957 16
1958 24
1959 13
1960 17
1961 18
1962 11
1963 15
1964 16
1965 20
1966 20
1967 20
1968 15
1969 16
1970 12
1971 11
1972 25
1973 12
1974 16
1975 16
1976 21
1977 14
1978 16
1979 15
1980 17
1981 18
1982 20
1983 13
1984 19
1985 19
1986 15
1987 16
1988 12
1989 30
1990 15
1991 13
1992 11
1993 21
1994 12
1995 23
1996 21
1997 14
1998 21
1999 16
2000 19
2001 19
2002 18
2003 16
2004 9
2005 18
2006 12
2007 16
2008 20
2009 19
2010 11
2011 20
2012 8
2013 12
2014 23
2015 19
2016 10
2017 12
2018 19
2019 9
2020 13
2021 9
2022 15
2023 14
2024 12
2025 10
2026 19
2027 14
2028 24
2029 12
2030 26
2031 13
2032 20
2033 16
2034 13
2035 17
2036 14
2037 16
2038 19
2039 21
2040 18
2041 15
2042 23
2043 13
2044 16
2045 12
2046 12
2047 13
2048 13
2049 13
2050 16
2051 9
2052 13
2053 19
2054 15
2055 19
2056 19
2057 18
2058 11
2059 15
2060 7
2061 11
2062 9
2063 12
2064 14
2065 18
2066 11
2067 17
2068 18
2069 11
2070 18
2071 17
2072 18
2073 17
2074 15
2075 15
2076 9
2077 12
2078 9
2079 8
2080 14
2081 11
2082 16
2083 21
2084 11
2085 15
2086 8
2087 21
2088 17
2089 12
2090 21
2091 15
2092 17
2093 8
2094 5
2095 7
2096 12
2097 9
2098 8
2099 6
2100 13
2101 11
2102 9
2103 7
2104 12
2105 14
2106 12
2107 15
2108 13
2109 17
2110 13
2111 21
2112 17
2113 14
2114 11
2115 11
2116 12
2117 11
2118 13
2119 18
2120 9
2121 14
2122 15
2123 9
2124 7
2125 13
2126 10
2127 14
2128 16
2129 9
2130 11
2131 4
2132 11
2133 12
2134 18
2135 9
2136 7
2137 12
2138 8
2139 10
2140 12
2141 16
2142 4
2143 12
2144 15
2145 13
2146 9
2147 9
2148 9
2149 14
2150 11
2151 7
2152 19
2153 10
2154 11
2155 18
2156 13
2157 12
2158 10
2159 7
2160 11
2161 14
2162 13
2163 11
2164 9
2165 8
2166 15
2167 8
2168 11
2169 7
2170 8
2171 10
2172 8
2173 6
2174 8
2175 9
2176 9
2177 5
2178 12
2179 14
2180 6
2181 12
2182 6
2183 10
2184 12
2185 8
2186 7
2187 6
2188 5
2189 9
2190 14
2191 8
2192 9
2193 14
2194 7
2195 10
2196 11
2197 10
2198 9
2199 10
2200 13
2201 8
2202 8
2203 8
2204 8
2205 15
2206 11
2207 12
2208 5
2209 14
2210 7
2211 14
2212 18
2213 9
2214 17
2215 10
2216 14
2217 14
2218 11
2219 9
2220 8
2221 14
2222 11
2223 12
2224 9
2225 6
2226 13
2227 7
2228 9
2229 4
2230 10
2231 14
2232 16
2233 17
2234 16
2235 12
2236 6
2237 11
2238 12
2239 8
2240 13
2241 10
2242 10
2243 9
2244 15
2245 9
2246 16
2247 20
2248 14
2249 14
2250 16
2251 14
2252 15
2253 13
2254 20
2255 6
2256 14
2257 7
2258 9
2259 10
2260 12
2261 8
2262 14
2263 11
2264 11
2265 13
2266 11
2267 11
2268 9
2269 13
2270 17
2271 5
2272 14
2273 24
2274 9
2275 11
2276 14
2277 17
2278 9
2279 19
2280 11
2281 13
2282 9
2283 9
2284 12
2285 10
2286 9
2287 9
2288 14
2289 9
2290 11
2291 13
2292 14
2293 14
2294 12
2295 8
2296 7
2297 15
2298 16
2299 6
2300 10
2301 8
2302 13
2303 17
2304 14
2305 10
2306 12
2307 10
2308 18
2309 12
2310 13
2311 7
2312 9
2313 15
2314 13
2315 11
2316 13
2317 6
2318 11
2319 13
2320 13
2321 11
2322 7
2323 14
2324 14
2325 10
2326 10
2327 11
2328 5
2329 16
2330 12
2331 15
2332 9
2333 17
2334 10
2335 17
2336 11
2337 9
2338 11
2339 12
2340 7
2341 11
2342 9
2343 8
2344 13
2345 7
2346 7
2347 8
2348 7
2349 8
2350 10
2351 7
2352 11
2353 16
2354 11
2355 11
2356 8
2357 11
2358 17
2359 6
2360 7
2361 8
2362 12
2363 16
2364 9
2365 12
2366 6
2367 9
2368 12
2369 4
2370 13
2371 15
2372 15
2373 10
2374 17
2375 8
2376 5
2377 9
2378 8
2379 7
2380 10
2381 13
2382 10
2383 14
2384 14
2385 8
2386 8
2387 17
2388 8
2389 12
2390 6
2391 9
2392 11
2393 8
2394 8
2395 10
2396 11
2397 9
2398 7
2399 10
2400 5
2401 8
2402 13
2403 9
2404 12
2405 9
2406 9
2407 8
2408 11
2409 15
2410 14
2411 10
2412 9
2413 8
2414 8
2415 12
2416 9
2417 11
2418 18
2419 19
2420 8
2421 12
2422 15
2423 11
2424 8
2425 12
2426 16
2427 12
2428 12
2429 9
2430 8
2431 11
2432 15
2433 14
2434 9
2435 13
2436 13
2437 13
2438 10
2439 11
2440 13
2441 12
2442 21
2443 14
2444 11
2445 9
2446 15
2447 7
2448 13
2449 12
2450 17
2451 15
2452 8
2453 11
2454 6
2455 12
2456 11
2457 14
2458 15
2459 8
2460 12
2461 14
2462 7
2463 5
2464 8
2465 11
2466 11
2467 8
2468 7
2469 7
2470 13
2471 4
2472 9
2473 11
2474 11
2475 9
2476 12
2477 9
2478 8
2479 12
2480 15
2481 11
2482 5
2483 11
2484 13
2485 9
2486 13
2487 10
2488 10
2489 12
2490 9
2491 10
2492 8
2493 11
2494 12
2495 7
2496 10
2497 7
2498 9
2499 8
2500 7
2501 11
2502 8
2503 7
2504 13
2505 8
2506 9
2507 11
2508 9
2509 9
2510 8
2511 9
2512 14
2513 23
2514 6
2515 13
2516 13
2517 7
2518 14
2519 6
2520 13
2521 9
2522 6
2523 5
2524 6
2525 8
2526 16
2527 7
2528 7
2529 13
2530 11
2531 11
2532 6
2533 7
2534 16
2535 10
2536 7
2537 10
2538 11
2539 16
2540 8
2541 11
2542 11
2543 13
2544 6
2545 6
2546 5
2547 16
2548 12
2549 6
2550 10
2551 7
2552 11
2553 13
2554 11
2555 13
2556 11
2557 7
2558 11
2559 5
2560 13
2561 9
2562 11
2563 8
2564 9
2565 9
2566 14
2567 11
2568 10
2569 9
2570 12
2571 14
2572 10
2573 10
2574 13
2575 10
2576 13
2577 9
2578 12
2579 13
2580 9
2581 14
2582 7
2583 6
2584 9
2585 10
2586 13
2587 10
2588 19
2589 8
2590 12
2591 7
2592 7
2593 4
2594 7
2595 9
2596 9
2597 7
2598 11
2599 6
2600 11
2601 5
2602 9
2603 11
2604 15
2605 13
2606 13
2607 12
2608 8
2609 8
2610 8
2611 10
2612 11
2613 10
2614 13
2615 11
2616 8
2617 7
2618 17
2619 7
2620 9
2621 7
2622 15
2623 10
2624 13
2625 14
2626 12
2627 13
2628 9
2629 8
2630 5
2631 6
2632 15
2633 16
2634 8
2635 10
2636 10
2637 8
2638 4
2639 10
2640 7
2641 16
2642 8
2643 13
2644 15
2645 15
2646 13
2647 8
2648 9
2649 9
2650 4
2651 13
2652 10
2653 9
2654 9
2655 13
2656 10
2657 9
2658 7
2659 8
2660 13
2661 11
2662 7
2663 11
2664 7
2665 13
2666 7
2667 8
2668 14
2669 9
2670 9
2671 11
2672 7
2673 10
2674 11
2675 7
2676 7
2677 10
2678 9
2679 7
2680 8
2681 9
2682 14
2683 6
2684 9
2685 9
2686 7
2687 7
2688 6
2689 13
2690 3
2691 15
2692 14
2693 8
2694 11
2695 13
2696 9
2697 6
2698 18
2699 10
2700 11
2701 8
2702 11
2703 5
2704 10
2705 11
2706 13
2707 8
2708 10
2709 12
2710 18
2711 11
2712 13
2713 5
2714 6
2715 10
2716 4
2717 10
2718 7
2719 7
2720 5
2721 9
2722 13
2723 7
2724 14
2725 12
2726 7
2727 9
2728 2
2729 2
2730 8
2731 8
2732 6
2733 12
2734 15
2735 5
2736 12
2737 8
2738 7
2739 9
2740 4
2741 13
2742 8
2743 10
2744 14
2745 12
2746 4
2747 8
2748 12
2749 11
2750 12
2751 6
2752 18
2753 10
2754 9
2755 12
2756 7
2757 3
2758 11
2759 12
2760 9
2761 8
2762 7
2763 12
2764 11
2765 14
2766 18
2767 3
2768 4
2769 12
2770 13
2771 14
2772 6
2773 9
2774 13
2775 8
2776 9
2777 14
2778 9
2779 7
2780 6
2781 9
2782 5
2783 7
2784 12
2785 5
2786 10
2787 5
2788 5
2789 15
2790 9
2791 11
2792 9
2793 4
2794 7
2795 6
2796 5
2797 10
2798 8
2799 12
2800 9
2801 15
2802 9
2803 4
2804 8
2805 10
2806 8
2807 14
2808 16
2809 6
2810 8
2811 8
2812 7
2813 9
2814 7
2815 11
2816 8
2817 8
2818 3
2819 6
2820 9
2821 5
2822 9
2823 11
2824 3
2825 7
2826 10
2827 6
2828 5
2829 5
2830 8
2831 8
2832 3
2833 9
2834 11
2835 5
2836 9
2837 7
2838 10
2839 6
2840 11
2841 9
2842 9
2843 15
2844 5
2845 12
2846 15
2847 1
2848 10
2849 14
2850 8
2851 5
2852 6
2853 10
2854 13
2855 6
2856 11
2857 7
2858 9
2859 10
2860 10
2861 11
2862 10
2863 6
2864 14
2865 10
2866 11
2867 10
2868 9
2869 9
2870 11
2871 14
2872 12
2873 9
2874 11
2875 12
2876 9
2877 17
2878 9
2879 4
2880 11
2881 9
2882 8
2883 4
2884 7
2885 13
2886 13
2887 9
2888 9
2889 11
2890 10
2891 18
2892 12
2893 15
2894 11
2895 7
2896 14
2897 10
2898 12
2899 13
2900 13
2901 14
2902 9
2903 12
2904 12
2905 11
2906 9
2907 6
2908 7
2909 10
2910 10
2911 5
2912 13
2913 8
2914 7
2915 9
2916 12
2917 12
2918 10
2919 9
2920 14
2921 17
2922 11
2923 7
2924 9
2925 7
2926 13
2927 5
2928 2
2929 8
2930 8
2931 13
2932 3
2933 12
2934 5
2935 6
2936 2
2937 7
2938 9
2939 7
2940 9
2941 3
2942 3
2943 10
2944 10
2945 13
2946 9
2947 8
2948 6
2949 10
2950 5
2951 12
2952 7
2953 4
2954 9
2955 6
2956 9
2957 5
2958 6
2959 10
2960 6
2961 1
2962 9
2963 6
2964 5
2965 9
2966 6
2967 6
2968 11
2969 4
2970 7
2971 11
2972 11
2973 9
2974 8
2975 8
2976 11
2977 11
2978 9
2979 14
2980 8
2981 7
2982 7
2983 9
2984 8
2985 7
2986 17
2987 10
2988 11
2989 7
2990 7
2991 6
2992 10
2993 8
2994 6
2995 5
2996 10
2997 10
2998 8
2999 12
3000 8
3001 5
3002 7
3003 8
3004 8
3005 8
3006 8
3007 6
3008 7
3009 13
3010 8
3011 5
3012 4
3013 9
3014 12
3015 10
3016 9
3017 12
3018 8
3019 7
3020 9
3021 14
3022 6
3023 13
3024 10
3025 2
3026 13
3027 9
3028 13
3029 5
3030 12
3031 12
3032 9
3033 7
3034 14
3035 15
3036 10
3037 18
3038 5
3039 17
3040 5
3041 7
3042 11
3043 13
3044 15
3045 7
3046 13
3047 9
3048 7
3049 8
3050 13
3051 11
3052 8
3053 10
3054 14
3055 11
3056 12
3057 10
3058 7
3059 3
3060 5
3061 6
3062 10
3063 15
3064 6
3065 8
3066 3
3067 9
3068 9
3069 6
3070 6
3071 8
3072 9
3073 7
3074 11
3075 11
3076 4
3077 9
3078 13
3079 9
3080 11
3081 11
3082 13
3083 8
3084 12
3085 5
3086 6
3087 13
3088 8
3089 7
3090 10
3091 6
3092 3
3093 16
3094 6
3095 8
3096 7
3097 4
3098 8
3099 7
3100 8
3101 12
3102 8
3103 6
3104 8
3105 6
3106 5
3107 5
3108 5
3109 7
3110 9
3111 10
3112 5
3113 2
3114 7
3115 9
3116 9
3117 10
3118 5
3119 7
3120 6
3121 4
3122 12
3123 8
3124 8
3125 9
3126 6
3127 9
3128 8
3129 8
3130 10
3131 9
3132 9
3133 6
3134 10
3135 6
3136 9
3137 4
3138 7
3139 10
3140 9
3141 7
3142 7
3143 7
3144 6
3145 19
3146 8
3147 7
3148 10
3149 11
3150 8
3151 7
3152 8
3153 4
3154 10
3155 6
3156 6
3157 4
3158 11
3159 4
3160 2
3161 6
3162 9
3163 10
3164 11
3165 6
3166 5
3167 5
3168 4
3169 11
3170 13
3171 5
3172 5
3173 9
3174 3
3175 3
3176 4
3177 7
3178 6
3179 10
3180 16
3181 7
3182 7
3183 8
3184 9
3185 8
3186 5
3187 10
3188 9
3189 5
3190 6
3191 4
3192 12
3193 11
3194 5
3195 14
3196 8
3197 7
3198 7
3199 9
3200 10
3201 10
3202 12
3203 8
3204 12
3205 12
3206 5
3207 2
3208 4
3209 7
3210 9
3211 8
3212 9
3213 6
3214 8
3215 7
3216 6
3217 8
3218 8
3219 10
3220 8
3221 6
3222 5
3223 7
3224 7
3225 10
3226 12
3227 7
3228 8
3229 15
3230 5
3231 5
3232 14
3233 8
3234 15
3235 8
3236 12
3237 15
3238 10
3239 11
3240 12
3241 10
3242 10
3243 8
3244 7
3245 9
3246 11
3247 6
3248 6
3249 6
3250 12
3251 5
3252 8
3253 9
3254 6
3255 6
3256 8
3257 12
3258 4
3259 10
3260 13
3261 8
3262 8
3263 5
3264 9
3265 12
3266 6
3267 7
3268 9
3269 9
3270 7
3271 5
3272 15
3273 6
3274 9
3275 7
3276 4
3277 7
3278 10
3279 10
3280 9
3281 9
3282 12
3283 7
3284 7
3285 9
3286 8
3287 6
3288 9
3289 7
3290 8
3291 6
3292 6
3293 7
3294 14
3295 6
3296 10
3297 12
3298 13
3299 10
3300 11
3301 5
3302 7
3303 4
3304 7
3305 8
3306 5
3307 5
3308 5
3309 8
3310 5
3311 5
3312 6
3313 6
3314 6
3315 4
3316 6
3317 3
3318 13
3319 6
3320 3
3321 4
3322 8
3323 4
3324 8
3325 8
3326 5
3327 5
3328 5
3329 5
3330 8
3331 9
3332 5
3333 9
3334 7
3335 5
3336 12
3337 6
3338 8
3339 9
3340 8
3341 10
3342 6
3343 5
3344 7
3345 7
3346 4
3347 11
3348 16
3349 11
3350 5
3351 9
3352 9
3353 5
3354 11
3355 5
3356 8
3357 9
3358 4
3359 10
3360 2
3361 4
3362 3
3363 8
3364 8
3365 6
3366 10
3367 9
3368 8
3369 6
3370 9
3371 2
3372 8
3373 7
3374 13
3375 7
3376 7
3377 7
3378 14
3379 12
3380 10
3381 5
3382 8
3383 7
3384 13
3385 4
3386 5
3387 9
3388 7
3389 8
3390 5
3391 10
3392 8
3393 7
3394 7
3395 7
3396 7
3397 6
3398 8
3399 11
3400 14
3401 15
3402 7
3403 10
3404 11
3405 12
3406 10
3407 9
3408 7
3409 6
3410 8
3411 8
3412 13
3413 9
3414 6
3415 5
3416 7
3417 5
3418 7
3419 10
3420 8
3421 10
3422 12
3423 8
3424 9
3425 9
3426 15
3427 7
3428 8
3429 3
3430 10
3431 8
3432 8
3433 8
3434 12
3435 2
3436 6
3437 7
3438 13
3439 6
3440 8
3441 15
3442 11
3443 7
3444 6
3445 2
3446 6
3447 4
3448 12
3449 4
3450 9
3451 4
3452 9
3453 7
3454 9
3455 12
3456 6
3457 9
3458 13
3459 8
3460 6
3461 12
3462 11
3463 11
3464 9
3465 9
3466 7
3467 6
3468 1
3469 5
3470 6
3471 4
3472 4
3473 8
3474 7
3475 6
3476 5
3477 9
3478 7
3479 8
3480 8
3481 6
3483 9
3484 4
3485 10
3486 3
3487 1
3488 3
3489 6
3490 5
3491 5
3492 12
3493 7
3494 9
3495 8
3496 11
3497 7
3498 2
3499 12
3500 5
3501 10
3502 12
3503 14
3504 7
3505 7
3506 11
3507 8
3508 8
3509 6
3510 9
3511 7
3512 9
3513 9
3514 11
3515 9
3516 12
3517 8
3518 11
3519 8
3520 13
3521 13
3522 13
3523 13
3524 11
3525 12
3526 9
3527 11
3528 16
3529 6
3530 9
3531 4
3532 12
3533 13
3534 9
3535 8
3536 6
3537 13
3538 9
3539 6
3540 9
3541 14
3542 9
3543 5
3544 12
3545 10
3546 16
3547 13
3548 7
3549 7
3550 5
3551 8
3552 9
3553 13
3554 7
3555 12
3556 5
3557 9
3558 14
3559 10
3560 13
3561 8
3562 5
3563 5
3564 9
3565 7
3566 9
3567 8
3568 5
3569 9
3570 8
3571 12
3572 7
3573 8
3574 8
3575 9
3576 10
3577 12
3578 8
3579 8
3580 6
3581 6
3582 8
3583 9
3584 4
3585 9
3586 4
3587 8
3588 12
3589 5
3590 8
3591 6
3592 9
3593 5
3594 10
3595 7
3596 9
3597 8
3598 6
3599 9
3600 7
3601 9
3602 4
3603 9
3604 8
3605 9
3606 3
3607 12
3608 8
3609 10
3610 5
3611 7
3612 6
3613 11
3614 9
3615 13
3616 7
3617 6
3618 5
3619 10
3620 9
3621 7
3622 9
3623 5
3624 10
3625 10
3626 7
3627 14
3628 3
3629 5
3630 5
3631 9
3632 8
3633 9
3634 9
3635 7
3636 11
3637 7
3638 10
3639 4
3640 6
3641 7
3642 8
3643 6
3644 7
3645 8
3646 6
3647 13
3648 9
3649 9
3650 8
3651 7
3652 12
3653 6
3654 11
3655 11
3656 5
3657 4
3658 7
3659 8
3660 6
3661 9
3662 7
3663 6
3664 12
3665 5
3666 8
3667 14
3668 2
3669 12
3670 11
3671 8
3672 7
3673 12
3674 10
3675 5
3676 10
3677 2
3678 15
3679 15
3680 4
3681 4
3682 10
3683 10
3684 5
3685 14
3686 13
3687 5
3688 10
3689 8
3690 13
3691 10
3692 12
3693 11
3694 5
3695 9
3696 8
3697 13
3698 6
3699 6
3700 11
3701 11
3702 5
3703 11
3704 6
3705 5
3706 5
3707 10
3708 4
3709 10
3710 11
3711 13
3712 9
3713 8
3714 6
3715 10
3716 8
3717 13
3718 8
3719 8
3720 3
3721 6
3722 6
3723 6
3724 9
3725 3
3726 6
3727 10
3728 12
3729 10
3730 14
3731 9
3732 14
3733 6
3734 4
3735 13
3736 9
3737 9
3738 10
3739 5
3740 8
3741 12
3742 10
3743 6
3744 11
3745 10
3746 15
3747 6
3748 8
3749 6
3750 10
3751 6
3752 11
3753 9
3754 11
3755 12
3756 7
3757 9
3758 20
3759 4
3760 15
3761 11
3762 8
3763 10
3764 12
3765 14
3766 8
3767 7
3768 11
3769 7
3770 9
3771 6
3772 11
3773 11
3774 9
3775 10
3776 12
3777 12
3778 7
3779 10
3780 15
3781 7
3782 12
3783 11
3784 12
3785 9
3786 12
3787 12
3788 17
3789 11
3790 8
3791 11
3792 13
3793 9
3794 9
3795 7
3796 9
3797 8
3798 3
3799 11
3800 11
3801 12
3802 5
3803 6
3804 8
3805 11
3806 9
3807 9
3808 3
3809 6
3810 13
3811 9
3812 6
3813 10
3814 9
3815 13
3816 5
3817 6
3818 3
3819 11
3820 9
3821 7
3822 11
3823 6
3824 5
3825 7
3826 7
3827 6
3828 6
3829 9
3830 6
3831 7
3832 9
3833 5
3834 8
3835 7
3836 8
3837 6
3838 11
3839 10
3840 8
3841 6
3842 12
3843 4
3844 15
3845 11
3846 7
3847 11
3848 13
3849 10
3850 10
3851 11
3852 5
3853 14
3854 15
3855 9
3856 11
3857 5
3858 8
3859 13
3860 15
3861 11
3862 6
3863 11
3864 7
3865 4
3866 14
3867 13
3868 7
3869 15
3870 7
3871 10
3872 10
3873 6
3874 4
3875 14
3876 12
3877 8
3878 10
3879 8
3880 9
3881 9
3882 4
3883 11
3884 11
3885 12
3886 8
3887 9
3888 11
3889 10
3890 11
3891 4
3892 9
3893 7
3894 8
3895 15
3896 11
3897 8
3898 14
3899 10
3900 8
3901 5
3902 3
3903 7
3904 7
3905 11
3906 12
3907 6
3908 6
3909 8
3910 12
3911 7
3912 8
3913 6
3914 9
3915 12
3916 13
3917 11
3918 12
3919 6
3920 10
3921 5
3922 7
3923 11
3924 8
3925 9
3926 6
3927 5
3928 7
3929 7
3930 5
3931 6
3932 13
3933 3
3934 4
3935 7
3936 6
3937 9
3938 10
3939 5
3940 4
3941 8
3942 6
3943 4
3944 6
3945 12
3946 9
3947 5
3948 9
3949 5
3950 4
3951 7
3952 5
3953 3
3954 6
3955 3
3956 7
3957 6
3958 9
3959 6
3960 4
3961 3
3962 4
3963 4
3964 2
3965 3
3966 9
3967 6
3968 2
3969 5
3970 7
3971 9
3972 6
3973 7
3974 10
3975 8
3976 4
3977 1
3978 6
3979 5
3980 5
3981 6
3982 4
3983 6
3984 8
3985 10
3986 8
3987 5
3988 7
3989 8
3990 11
3991 4
3992 4
3993 8
3994 6
3995 4
3996 7
3997 8
3998 7
3999 6
4001 5
4002 5
4003 8
4004 3
4005 4
4006 4
4007 7
4008 7
4009 4
4010 2
4011 5
4012 7
4013 4
4014 3
4015 10
4016 3
4017 4
4018 7
4019 2
4020 5
4021 2
4022 5
4023 6
4024 5
4025 7
4026 1
4027 8
4028 5
4029 10
4030 7
4031 6
4032 9
4033 12
4034 4
4035 5
4036 4
4037 6
4038 4
4039 5
4040 3
4041 5
4042 6
4043 7
4044 5
4045 5
4046 3
4047 8
4048 10
4049 3
4050 8
4051 4
4052 6
4053 6
4054 1
4055 3
4056 4
4057 1
4058 6
4059 7
4060 6
4061 2
4062 9
4063 6
4064 7
4065 4
4066 4
4067 7
4068 5
4069 7
4070 7
4071 5
4072 6
4073 3
4074 3
4075 5
4076 4
4077 5
4078 3
4079 3
4080 5
4081 7
4082 7
4083 7
4084 2
4085 4
4086 4
4087 3
4088 2
4089 4
4090 2
4091 6
4092 5
4093 3
4094 5
4095 3
4096 6
4097 6
4098 4
4099 7
4100 6
4101 6
4102 6
4103 7
4104 7
4105 6
4106 6
4107 4
4108 5
4109 8
4110 2
4111 8
4112 5
4113 6
4114 3
4115 7
4116 5
4117 7
4118 3
4119 11
4120 3
4121 6
4122 5
4123 7
4124 4
4125 5
4126 2
4127 3
4128 11
4129 7
4130 10
4131 7
4132 3
4133 4
4134 3
4135 3
4136 5
4137 5
4138 6
4139 6
4140 6
4141 1
4142 6
4143 5
4144 7
4145 4
4146 5
4147 9
4148 6
4149 7
4150 6
4151 5
4152 6
4153 10
4154 6
4155 3
4156 4
4157 4
4158 6
4159 7
4160 3
4161 4
4162 6
4163 6
4164 9
4165 5
4166 8
4167 6
4168 6
4169 7
4170 5
4171 5
4172 4
4173 3
4174 5
4175 4
4176 3
4177 6
4178 4
4179 3
4180 8
4181 6
4182 7
4183 3
4184 5
4185 5
4186 5
4187 5
4188 6
4189 9
4190 7
4191 4
4192 2
4193 5
4194 7
4195 6
4196 7
4197 2
4198 5
4199 8
4200 8
4201 3
4202 1
4203 1
4204 4
4205 6
4206 5
4207 3
4208 4
4209 8
4210 5
4211 5
4212 4
4213 6
4214 2
4215 4
4216 7
4217 4
4218 7
4219 8
4220 5
4221 4
4222 5
4223 3
4224 5
4225 3
4226 2
4227 3
4228 5
4229 6
4230 4
4231 1
4232 1
4233 7
4234 1
4235 2
4236 5
4237 6
4238 4
4239 4
4240 1
4241 5
4242 4
4243 3
4244 6
4245 5
4246 3
4247 3
4248 6
4250 3
4251 1
4252 2
4253 1
4254 8
4255 10
4256 3
4257 2
4258 2
4259 10
4260 2
4261 7
4262 2
4263 8
4264 5
4265 7
4266 5
4267 4
4268 4
4269 8
4270 5
4271 5
4272 3
4273 5
4274 8
4275 8
4276 5
4277 8
4278 5
4279 6
4280 6
4281 1
4282 7
4283 2
4284 6
4285 8
4286 4
4287 4
4288 6
4289 5
4290 5
4291 2
4292 3
4293 5
4294 8
4295 4
4296 7
4297 4
4298 8
4299 8
4300 3
4301 9
4302 3
4303 4
4304 6
4305 3
4306 7
4307 7
4308 5
4309 10
4310 4
4311 7
4312 5
4313 3
4314 1
4315 6
4316 6
4317 6
4319 1
4320 4
4321 2
4322 10
4323 3
4324 7
4325 2
4326 7
4327 8
4328 8
4329 5
4330 5
4331 3
4332 3
4333 6
4334 7
4335 5
4336 5
4337 4
4338 7
4339 10
4340 6
4341 3
4342 2
4343 11
4344 10
4345 3
4346 4
4347 5
4348 2
4349 5
4350 6
4352 4
4353 10
4355 7
4356 3
4357 5
4358 7
4359 7
4360 11
4361 3
4362 7
4363 5
4364 3
4365 6
4366 7
4367 3
4368 4
4369 8
4370 4
4371 5
4372 11
4373 2
4374 3
4375 10
4376 6
4377 3
4378 2
4379 9
4380 2
4381 10
4382 6
4383 5
4384 6
4385 6
4386 2
4387 6
4388 4
4389 5
4390 3
4391 3
4392 7
4393 2
4394 8
4395 6
4396 8
4397 8
4398 7
4399 4
4400 8
4401 4
4402 1
4403 2
4404 3
4405 5
4406 5
4407 5
4408 6
4409 8
4410 7
4411 4
4412 3
4413 5
4414 7
4415 8
4416 5
4417 4
4418 5
4419 4
4420 2
4421 7
4422 4
4423 4
4424 5
4425 3
4426 10
4427 3
4428 4
4429 10
4430 6
4431 8
4432 5
4433 5
4434 6
4435 6
4436 6
4437 5
4438 10
4439 7
4440 7
4441 3
4442 7
4443 10
4444 7
4445 3
4446 8
4447 5
4448 4
4449 7
4450 4
4451 6
4452 10
4453 7
4454 7
4455 3
4456 5
4457 8
4458 9
4459 7
4460 6
4461 6
4462 5
4463 6
4464 7
4465 3
4466 7
4467 7
4468 6
4469 7
4470 6
4471 3
4472 3
4473 6
4474 1
4475 9
4476 8
4477 4
4478 5
4479 3
4480 9
4481 4
4482 3
4483 5
4484 7
4485 5
4486 2
4487 4
4488 4
4489 7
4490 5
4491 3
4492 7
4493 2
4494 6
4495 3
4496 4
4497 4
4498 2
4499 6
4500 2
4501 14
4502 4
4503 10
4504 6
4505 7
4506 4
4507 6
4508 4
4509 5
4510 8
4511 3
4512 9
4513 5
4514 8
4515 10
4516 6
4517 2
4518 3
4519 4
4520 5
4521 3
4522 12
4523 4
4524 8
4525 5
4526 5
4527 3
4528 4
4529 4
4530 3
4531 8
4532 5
4533 7
4534 9
4535 5
4536 4
4537 2
4538 5
4539 8
4540 7
4541 4
4542 7
4543 5
4544 10
4545 7
4546 7
4547 7
4548 9
4549 5
4550 5
4551 8
4552 3
4553 4
4554 1
4555 4
4556 5
4557 1
4558 2
4559 6
4560 5
4561 8
4562 4
4563 8
4564 10
4565 6
4566 12
4567 3
4568 9
4569 8
4570 4
4571 8
4572 6
4573 6
4574 8
4575 5
4576 9
4577 5
4578 2
4579 4
4580 8
4581 4
4582 7
4583 2
4584 6
4585 5
4586 5
4587 4
4588 8
4589 7
4590 5
4591 8
4592 4
4593 5
4594 13
4595 8
4596 3
4597 2
4598 9
4599 4
4600 3
4601 5
4602 6
4603 4
4604 9
4605 6
4606 7
4607 5
4608 8
4609 7
4611 7
4612 5
4613 8
4614 8
4615 7
4616 5
4617 2
4618 11
4619 12
4620 12
4621 7
4622 13
4623 3
4624 9
4625 6
4626 3
4627 8
4628 4
4629 8
4630 6
4631 6
4632 7
4633 7
4634 4
4635 8
4636 3
4637 3
4638 4
4639 2
4640 3
4641 5
4642 9
4643 6
4644 5
4645 7
4646 4
4647 9
4648 6
4649 6
4650 5
4651 7
4652 3
4653 13
4654 4
4655 8
4656 4
4657 4
4658 6
4659 6
4660 4
4661 7
4662 4
4663 5
4664 2
4665 7
4666 15
4667 5
4668 9
4669 7
4670 8
4671 8
4672 5
4673 6
4674 8
4675 5
4676 8
4677 10
4678 6
4679 3
4680 4
4681 5
4682 12
4683 6
4684 6
4685 6
4686 3
4687 7
4688 11
4689 9
4690 6
4691 9
4692 5
4693 2
4694 7
4695 5
4696 9
4697 10
4698 6
4699 6
4700 3
4701 13
4702 8
4703 6
4704 7
4705 4
4706 7
4707 3
4708 4
4709 8
4710 8
4711 6
4712 6
4713 5
4714 9
4715 3
4716 6
4717 4
4718 1
4719 4
4720 8
4721 3
4722 6
4723 8
4724 2
4725 7
4726 9
4727 2
4728 9
4729 5
4730 4
4731 5
4732 4
4733 4
4734 3
4735 2
4736 8
4737 6
4738 5
4739 9
4740 7
4741 7
4742 5
4743 8
4744 11
4745 10
4746 10
4747 5
4748 5
4749 7
4750 8
4751 4
4752 7
4753 5
4754 6
4755 4
4756 7
4757 4
4758 8
4759 5
4760 9
4761 4
4762 5
4763 8
4764 4
4765 3
4766 5
4767 3
4768 8
4769 9
4770 5
4771 5
4772 7
4773 9
4774 12
4775 9
4776 10
4777 10
4778 8
4779 7
4780 7
4781 7
4782 8
4783 7
4784 4
4785 8
4786 6
4787 7
4788 13
4789 3
4790 8
4791 3
4792 6
4793 9
4794 7
4795 9
4796 8
4797 4
4798 8
4799 3
4800 8
4801 10
4802 4
4803 6
4804 6
4805 6
4806 6
4807 5
4808 6
4809 10
4810 6
4811 7
4812 5
4813 6
4814 3
4815 9
4816 7
4817 6
4818 5
4819 4
4820 11
4821 8
4822 7
4823 7
4824 12
4825 4
4826 5
4827 4
4828 6
4829 6
4830 7
4831 5
4832 8
4833 5
4834 10
4835 11
4836 9
4837 8
4838 8
4839 4
4840 12
4841 5
4842 7
4843 4
4844 10
4845 6
4846 4
4847 11
4848 8
4849 6
4850 11
4851 8
4852 8
4853 7
4854 5
4855 10
4856 4
4857 6
4858 9
4859 8
4860 7
4861 9
4862 12
4863 6
4864 2
4865 6
4866 8
4867 10
4868 7
4869 8
4870 5
4871 8
4872 9
4873 4
4874 8
4875 7
4876 6
4877 7
4878 6
4879 2
4880 9
4881 11
4882 5
4883 10
4884 4
4885 7
4886 9
4887 5
4888 9
4889 10
4890 5
4891 11
4892 12
4893 6
4894 17
4895 12
4896 15
4897 7
4898 5
4899 16
4900 9
4901 11
4902 7
4903 2
4904 8
4905 2
4906 13
4907 10
4908 8
4909 15
4910 5
4911 7
4912 10
4913 10
4914 11
4915 11
4916 7
4917 7
4918 8
4919 9
4920 8
4921 6
4922 6
4923 9
4924 7
4925 7
4926 4
4927 11
4928 13
4929 7
4930 3
4931 9
4932 5
4933 11
4934 14
4935 12
4936 10
4937 10
4938 14
4939 8
4940 5
4941 6
4942 7
4943 6
4944 9
4945 9
4946 6
4947 5
4948 10
4949 10
4950 13
4951 10
4952 10
4953 9
4954 7
4955 11
4956 10
4957 8
4958 8
4959 8
4960 9
4961 8
4962 7
4963 8
4964 15
4965 8
4966 9
4967 9
4968 5
4969 8
4970 7
4971 11
4972 7
4973 8
4974 8
4975 12
4976 7
4977 12
4978 7
4979 11
4980 12
4981 9
4982 9
4983 8
4984 4
4985 6
4986 9
4987 9
4988 9
4989 11
4990 8
4991 6
4992 5
4993 3
4994 10
4995 6
4996 7
4997 9
4998 6
4999 5
5000 8
5001 9
5002 9
5003 6
5004 5
5005 8
5006 4
5007 9
5008 11
5009 8
5010 5
5011 5
5012 19
5013 9
5014 12
5015 9
5016 10
5017 12
5018 7
5019 4
5020 10
5021 10
5022 5
5023 8
5024 8
5025 5
5026 9
5027 8
5028 5
5029 6
5030 7
5031 10
5032 6
5033 9
5034 14
5035 6
5036 12
5037 6
5038 12
5039 4
5040 6
5041 6
5042 7
5043 4
5044 10
5045 6
5046 11
5047 10
5048 8
5049 9
5050 7
5051 9
5052 7
5053 6
5054 7
5055 4
5056 7
5057 7
5058 8
5059 5
5060 4
5061 8
5062 7
5063 11
5064 2
5065 9
5066 12
5067 9
5068 9
5069 10
5070 6
5071 10
5072 6
5073 4
5074 8
5075 6
5076 10
5077 14
5078 7
5079 6
5080 12
5081 7
5082 10
5083 5
5084 10
5085 8
5086 5
5087 11
5088 3
5089 8
5090 6
5091 12
5092 8
5093 10
5094 5
5095 10
5096 11
5097 9
5098 6
5099 7
5100 7
5101 6
5102 5
5103 10
5104 9
5105 9
5106 7
5107 7
5108 4
5109 7
5110 9
5111 4
5112 10
5113 7
5114 5
5115 4
5116 10
5117 8
5118 7
5119 5
5120 6
5121 10
5122 6
5123 5
5124 12
5125 6
5126 8
5127 5
5128 8
5129 7
5130 5
5131 9
5132 7
5133 7
5134 5
5135 9
5136 7
5137 7
5138 6
5139 7
5140 3
5141 9
5142 7
5143 6
5144 3
5145 8
5146 4
5147 7
5148 11
5149 8
5150 3
5151 9
5152 8
5153 6
5154 5
5155 7
5156 7
5157 9
5158 3
5159 11
5160 9
5161 3
5162 6
5163 7
5164 7
5165 7
5166 7
5167 8
5168 3
5169 10
5170 6
5171 8
5172 3
5173 6
5174 6
5175 8
5176 8
5177 7
5178 6
5179 12
5180 5
5181 8
5182 9
5183 10
5184 6
5185 3
5186 7
5187 8
5188 9
5189 13
5190 7
5191 9
5192 5
5193 11
5194 7
5195 5
5196 9
5197 8
5198 10
5199 8
5200 8
5201 5
5202 6
5203 11
5204 11
5205 9
5206 6
5207 10
5208 7
5209 3
5210 8
5211 7
5212 3
5213 7
5214 2
5215 8
5216 3
5217 4
5218 7
5219 9
5220 3
5221 11
5222 7
5223 10
5224 7
5225 6
5226 11
5227 5
5228 6
5229 5
5230 8
5231 4
5232 4
5233 3
5234 4
5235 5
5236 7
5237 3
5238 1
5239 3
5240 8
5241 3
5242 5
5243 7
5244 6
5245 6
5246 4
5247 3
5248 3
5249 8
5250 5
5251 6
5252 6
5253 7
5254 13
5255 8
5256 2
5257 6
5258 3
5259 2
5260 7
5261 7
5262 4
5263 7
5264 5
5265 3
5266 5
5267 6
5268 6
5269 4
5270 2
5271 7
5272 6
5273 3
5274 8
5275 7
5276 4
5277 6
5278 5
5279 6
5280 8
5281 5
5282 6
5283 5
5284 3
5285 4
5286 8
5287 2
5288 8
5289 6
5290 10
5291 7
5292 6
5293 6
5294 5
5296 3
5297 3
5298 3
5299 7
5300 4
5301 8
5302 7
5303 1
5304 2
5305 6
5306 4
5307 3
5308 3
5309 4
5310 7
5311 3
5312 5
5313 6
5314 8
5315 3
5316 3
5317 4
5318 6
5319 3
5320 4
5321 6
5322 6
5323 6
5324 3
5325 10
5326 6
5327 6
5328 4
5329 4
5330 1
5331 1
5332 5
5333 2
5334 5
5335 3
5336 3
5337 1
5338 6
5339 2
5340 5
5341 3
5342 4
5343 9
5344 3
5345 3
5346 4
5347 2
5348 4
5349 5
5350 4
5351 1
5352 3
5353 3
5354 4
5355 6
5356 6
5357 4
5358 7
5359 3
5360 3
5361 3
5362 7
5363 8
5364 10
5365 2
5366 3
5367 6
5368 3
5369 2
5370 1
5371 2
5372 8
5373 4
5374 3
5375 5
5376 4
5377 2
5378 6
5379 4
5381 6
5382 4
5383 6
5384 5
5385 5
5386 1
5387 7
5388 4
5389 5
5390 5
5391 3
5392 3
5393 1
5394 1
5395 6
5396 6
5397 10
5398 3
5399 1
5400 5
5401 3
5402 2
5403 3
5404 4
5405 5
5406 4
5407 4
5408 6
5409 8
5410 4
5411 6
5412 7
5413 3
5414 7
5416 6
5417 3
5418 7
5419 2
5420 8
5421 4
5422 4
5423 5
5424 6
5425 2
5426 4
5427 4
5428 5
5429 5
5430 6
5431 8
5432 2
5433 2
5434 1
5435 2
5436 7
5437 5
5438 6
5439 8
5440 4
5441 2
5442 3
5443 4
5444 4
5445 5
5446 7
5447 6
5448 7
5449 6
5450 2
5451 5
5452 6
5453 3
5454 6
5456 6
5457 3
5458 3
5459 2
5460 8
5461 4
5462 5
5463 8
5464 3
5465 8
5466 2
5467 7
5468 4
5469 3
5470 8
5471 5
5472 5
5473 5
5474 3
5475 4
5476 6
5477 1
5478 1
5479 2
5480 2
5481 3
5482 1
5483 4
5484 2
5485 5
5486 3
5487 2
5488 4
5489 4
5490 5
5491 3
5492 4
5493 4
5494 2
5495 2
5496 4
5497 3
5498 3
5499 3
5500 3
5501 6
5502 7
5503 2
5504 5
5505 4
5506 3
5507 10
5508 4
5509 1
5510 3
5511 6
5512 2
5513 3
5514 4
5515 5
5517 1
5518 5
5519 7
5520 7
5521 1
5522 4
5523 2
5524 4
5525 4
5526 4
5527 1
5528 6
5529 4
5530 5
5531 4
5532 4
5533 2
5534 4
5535 4
5537 8
5538 3
5539 3
5540 2
5541 4
5542 2
5543 7
5544 7
5545 4
5546 8
5547 2
5548 6
5549 6
5550 4
5551 3
5552 2
5553 3
5554 5
5555 2
5556 4
5557 2
5558 8
5559 3
5560 1
5561 2
5562 8
5563 3
5564 3
5565 1
5566 1
5567 5
5568 10
5569 5
5570 4
5571 3
5572 1
5573 5
5574 7
5575 6
5576 1
5577 2
5578 4
5579 1
5580 3
5581 2
5582 4
5583 4
5584 3
5585 7
5586 10
5587 2
5588 4
5589 4
5590 1
5591 5
5592 5
5593 1
5594 2
5595 1
5596 4
5597 2
5598 2
5599 3
5600 7
5601 7
5602 4
5603 2
5604 3
5605 4
5606 3
5607 4
5608 4
5609 9
5610 3
5611 3
5612 6
5613 3
5614 4
5615 4
5616 3
5617 5
5618 4
5619 3
5620 3
5622 5
5623 3
5624 7
5625 4
5626 3
5627 4
5628 4
5629 3
5630 7
5631 6
5632 6
5633 2
5634 4
5635 2
5637 1
5638 2
5639 3
5640 1
5641 3
5642 2
5643 5
5644 7
5645 3
5646 2
5647 7
5648 5
5649 2
5650 3
5651 2
5652 3
5653 5
5654 3
5655 3
5656 1
5657 2
5658 3
5659 5
5660 2
5661 4
5662 1
5663 5
5664 4
5665 1
5666 1
5667 2
5668 2
5669 5
5671 1
5672 1
5673 3
5674 5
5675 1
5676 1
5677 3
5678 4
5679 6
5680 3
5681 3
5682 1
5683 5
5684 5
5685 3
5686 1
5687 4
5688 5
5689 1
5690 3
5691 3
5692 6
5693 4
5694 2
5696 6
5697 7
5698 6
5699 4
5700 7
5701 4
5702 3
5703 2
5704 4
5705 6
5706 2
5707 6
5708 3
5709 2
5710 3
5711 1
5712 5
5713 1
5714 1
5715 2
5716 4
5717 2
5718 2
5719 8
5720 4
5721 4
5722 3
5723 5
5724 3
5725 4
5726 3
5727 2
5728 5
5729 4
5730 4
5731 4
5732 2
5733 3
5734 3
5735 3
5736 3
5737 1
5738 2
5739 4
5740 3
5741 1
5742 2
5743 5
5744 1
5745 5
5746 4
5747 2
5748 2
5749 2
5750 2
5751 2
5752 1
5753 4
5754 4
5755 1
5756 3
5757 4
5758 4
5759 2
5760 2
5761 4
5762 1
5764 4
5766 10
5767 4
5768 2
5769 1
5770 5
5771 1
5772 5
5773 4
5774 6
5775 1
5776 4
5777 3
5778 8
5779 3
5781 1
5782 3
5783 2
5784 1
5785 3
5786 2
5787 3
5788 4
5789 3
5790 3
5791 5
5792 6
5793 3
5794 2
5795 2
5796 3
5797 4
5798 2
5799 2
5801 3
5802 1
5803 3
5804 6
5805 3
5806 5
5807 7
5808 3
5809 4
5810 3
5811 2
5812 1
5813 4
5814 2
5815 4
5816 1
5817 2
5818 2
5819 2
5820 6
5821 1
5822 2
5823 5
5825 2
5826 3
5827 3
5828 5
5829 1
5830 2
5832 5
5833 4
5835 1
5836 3
5837 6
5838 1
5839 3
5840 3
5841 3
5842 3
5843 3
5844 2
5845 1
5846 7
5847 2
5848 2
5850 1
5851 1
5852 4
5853 1
5854 2
5855 2
5856 1
5857 3
5858 4
5859 4
5860 1
5862 2
5863 1
5864 2
5865 1
5866 7
5867 2
5869 1
5870 5
5871 6
5872 2
5873 1
5874 1
5875 3
5876 2
5877 2
5878 4
5879 4
5880 6
5881 2
5882 4
5883 2
5884 6
5885 5
5886 4
5887 9
5888 3
5889 3
5890 4
5891 4
5892 3
5893 3
5894 2
5895 1
5896 2
5897 3
5898 7
5899 2
5900 4
5901 4
5902 5
5903 3
5904 4
5905 2
5906 3
5907 2
5908 1
5910 3
5911 5
5912 4
5913 2
5914 8
5915 3
5916 3
5917 1
5918 2
5919 3
5920 2
5921 5
5922 4
5923 2
5924 2
5926 4
5927 4
5928 1
5929 1
5930 1
5931 3
5933 1
5935 1
5937 1
5938 5
5939 1
5940 2
5941 2
5942 1
5943 3
5944 1
5945 2
5946 2
5947 3
5948 4
5949 3
5950 2
5951 2
5952 3
5953 4
5954 2
5955 4
5956 7
5957 3
5958 7
5959 1
5960 3
5962 2
5963 3
5964 1
5965 5
5966 1
5967 2
5968 1
5969 1
5970 1
5971 1
5973 3
5974 4
5975 4
5976 2
5977 3
5978 1
5979 2
5980 1
5982 2
5983 1
5984 2
5985 2
5986 2
5987 3
5988 2
5989 1
5990 2
5991 3
5992 2
5994 1
5995 3
5996 3
5997 1
5998 1
5999 1
6000 2
6001 1
6002 3
6003 2
6004 3
6005 3
6006 4
6007 2
6008 3
6009 3
6010 2
6011 1
6012 2
6013 5
6014 5
6015 1
6016 2
6017 3
6018 2
6019 4
6020 1
6021 1
6022 1
6023 3
6024 2
6025 1
6026 4
6027 3
6028 4
6029 4
6030 5
6031 3
6032 3
6033 4
6034 4
6035 3
6036 3
6037 5
6038 1
6039 3
6040 1
6041 1
6042 5
6043 4
6044 1
6045 4
6046 3
6047 1
6048 5
6050 1
6051 5
6052 1
6053 4
6055 2
6056 2
6057 1
6058 1
6059 3
6060 2
6062 2
6063 3
6064 2
6065 1
6066 2
6067 1
6068 3
6069 1
6070 1
6071 3
6072 1
6073 2
6074 2
6075 2
6076 1
6077 1
6078 2
6079 2
6080 5
6081 3
6082 3
6083 1
6084 2
6086 2
6087 2
6088 2
6090 1
6092 3
6093 3
6094 2
6095 4
6096 1
6098 1
6099 1
6100 2
6101 4
6102 3
6103 5
6104 1
6105 4
6108 1
6109 5
6111 2
6112 1
6113 5
6114 2
6115 2
6117 7
6118 3
6119 4
6120 4
6121 2
6122 4
6123 4
6124 3
6125 2
6126 5
6127 2
6128 1
6129 4
6130 2
6131 2
6132 2
6133 6
6134 3
6135 2
6137 1
6138 1
6139 3
6140 2
6141 3
6142 1
6143 1
6144 5
6145 2
6146 9
6147 1
6148 3
6149 2
6150 3
6151 5
6152 5
6153 3
6154 3
6155 1
6156 3
6157 1
6159 2
6161 4
6162 2
6163 2
6164 2
6166 1
6167 3
6168 3
6169 1
6170 3
6171 4
6174 4
6175 3
6176 2
6178 2
6179 2
6180 1
6181 1
6182 2
6183 1
6184 4
6185 2
6187 2
6188 2
6189 1
6190 4
6191 3
6192 4
6193 1
6194 3
6195 5
6196 5
6198 3
6199 3
6200 5
6201 3
6202 2
6203 4
6204 2
6205 1
6206 2
6207 4
6208 4
6209 2
6210 2
6212 2
6213 3
6214 2
6215 2
6216 1
6217 5
6218 1
6219 1
6220 5
6221 1
6223 2
6224 3
6226 2
6227 3
6228 3
6229 2
6230 6
6231 2
6232 4
6233 1
6234 4
6235 6
6236 1
6237 6
6238 2
6239 3
6240 2
6241 4
6242 4
6244 3
6245 3
6246 3
6247 3
6248 2
6250 1
6251 1
6252 3
6253 4
6254 4
6255 4
6256 3
6257 5
6258 4
6260 3
6261 5
6262 4
6263 4
6264 3
6265 5
6266 3
6267 5
6268 2
6270 2
6271 1
6273 1
6274 4
6275 4
6276 3
6277 1
6278 4
6279 3
6280 1
6281 2
6282 3
6283 1
6285 5
6286 4
6287 5
6288 4
6289 2
6290 2
6292 3
6293 2
6294 1
6295 5
6296 3
6297 2
6298 1
6299 1
6300 2
6301 2
6302 2
6303 1
6304 4
6305 6
6307 3
6308 4
6309 4
6310 3
6311 1
6312 1
6313 1
6314 1
6315 5
6316 5
6317 1
6318 1
6319 2
6320 3
6321 2
6322 1
6323 3
6325 4
6326 5
6327 1
6328 3
6329 2
6330 3
6331 6
6332 4
6333 1
6334 4
6335 4
6336 3
6337 3
6338 4
6339 2
6340 3
6341 2
6342 3
6343 3
6344 1
6345 3
6346 1
6349 3
6350 3
6351 3
6352 1
6353 4
6354 2
6355 1
6356 2
6357 2
6358 2
6359 1
6360 4
6361 4
6362 5
6363 4
6364 5
6365 4
6366 1
6367 1
6368 2
6369 2
6370 1
6371 2
6372 4
6373 1
6374 1
6375 2
6376 2
6377 2
6379 1
6380 5
6381 2
6383 3
6384 4
6385 1
6386 3
6388 2
6389 4
6390 4
6391 6
6392 2
6394 3
6395 3
6396 2
6397 3
6398 1
6399 2
6400 3
6401 4
6403 3
6404 3
6405 4
6406 1
6407 2
6408 4
6409 1
6410 6
6411 3
6413 1
6414 4
6415 1
6417 3
6419 2
6420 2
6421 2
6422 2
6423 2
6424 3
6425 2
6426 5
6427 2
6428 2
6429 2
6430 1
6431 2
6433 2
6435 1
6436 1
6437 3
6438 1
6439 2
6440 2
6441 3
6443 2
6444 4
6445 1
6446 2
6447 2
6448 2
6449 1
6450 2
6451 2
6452 2
6453 2
6454 3
6455 1
6456 2
6457 2
6458 3
6459 2
6460 4
6461 4
6462 3
6463 3
6464 1
6465 1
6466 1
6467 6
6468 1
6469 5
6471 1
6472 5
6473 3
6475 3
6476 2
6477 4
6479 2
6480 2
6481 2
6482 4
6483 1
6484 1
6485 1
6486 4
6488 2
6489 1
6490 5
6491 4
6492 3
6493 2
6494 2
6495 1
6497 2
6498 3
6499 2
6500 1
6501 1
6502 2
6503 3
6504 1
6505 2
6507 1
6508 5
6509 1
6510 3
6512 3
6513 3
6514 2
6516 5
6517 3
6518 2
6519 2
6520 5
6521 1
6522 1
6523 2
6524 2
6525 3
6526 3
6527 2
6528 4
6530 2
6531 4
6532 1
6533 2
6534 2
6535 2
6536 3
6537 5
6538 1
6539 3
6540 1
6541 6
6542 7
6543 1
6544 2
6545 3
6546 2
6547 1
6548 4
6550 1
6551 3
6552 4
6553 3
6555 3
6556 2
6557 1
6558 5
6561 1
6562 1
6564 2
6565 3
6566 2
6567 3
6568 5
6569 2
6570 2
6572 2
6573 2
6574 3
6575 1
6576 1
6577 1
6578 1
6579 1
6580 3
6581 2
6582 1
6583 1
6585 3
6586 3
6587 2
6588 4
6589 2
6590 3
6591 2
6593 3
6594 1
6595 2
6596 2
6597 2
6598 2
6599 2
6600 3
6601 4
6603 4
6605 6
6606 3
6608 1
6609 1
6610 1
6611 2
6612 2
6613 1
6614 2
6615 3
6616 4
6617 2
6618 3
6619 2
6620 2
6622 4
6623 1
6624 2
6625 1
6627 4
6628 2
6629 7
6630 2
6631 1
6632 2
6633 1
6634 1
6635 4
6638 3
6639 2
6640 4
6641 3
6642 1
6644 5
6647 2
6648 4
6650 4
6651 4
6652 3
6653 2
6654 1
6655 2
6656 2
6657 3
6658 1
6659 3
6660 3
6661 2
6662 1
6663 3
6664 1
6665 1
6666 2
6668 1
6669 6
6670 1
6671 5
6672 1
6673 2
6674 2
6675 4
6676 1
6677 2
6678 1
6679 8
6680 1
6682 4
6683 1
6684 1
6685 1
6686 3
6687 3
6688 1
6689 1
6690 3
6691 2
6692 3
6693 2
6695 1
6696 3
6697 1
6698 4
6699 3
6700 1
6702 2
6703 4
6704 4
6705 3
6706 2
6707 1
6708 2
6709 4
6711 2
6712 4
6713 1
6714 2
6715 4
6716 5
6717 3
6718 1
6719 6
6720 2
6721 3
6723 3
6725 2
6726 1
6727 1
6728 1
6729 1
6730 2
6731 1
6732 3
6733 3
6734 1
6735 1
6736 2
6737 2
6738 4
6741 2
6743 2
6744 1
6746 4
6747 1
6748 2
6750 1
6751 3
6752 3
6753 3
6754 2
6755 3
6756 1
6757 3
6758 1
6759 1
6760 1
6761 1
6764 3
6765 2
6767 3
6768 4
6769 3
6770 5
6771 1
6772 2
6773 2
6774 1
6775 1
6776 1
6778 1
6779 1
6780 2
6781 1
6782 1
6783 1
6784 2
6786 1
6787 3
6788 2
6789 2
6790 2
6791 1
6792 1
6793 1
6794 1
6795 2
6796 1
6797 3
6798 5
6799 2
6800 3
6801 2
6803 4
6804 4
6805 1
6806 1
6807 1
6808 3
6813 1
6814 2
6815 1
6816 1
6817 2
6818 3
6819 4
6820 3
6821 2
6822 1
6825 3
6826 2
6827 1
6828 1
6829 3
6830 1
6831 3
6833 3
6834 1
6835 2
6836 1
6837 1
6838 2
6839 2
6840 3
6841 1
6842 3
6843 2
6844 3
6846 2
6849 1
6850 2
6851 2
6852 2
6853 1
6854 1
6855 1
6856 1
6858 2
6859 1
6860 2
6861 4
6862 2
6863 6
6864 3
6865 1
6866 2
6868 2
6869 2
6870 2
6871 1
6872 1
6873 2
6874 4
6876 3
6877 1
6878 1
6879 1
6880 1
6881 1
6882 1
6883 1
6884 2
6885 6
6886 1
6888 4
6890 4
6893 1
6894 3
6895 2
6896 1
6897 1
6898 1
6899 1
6900 1
6901 1
6902 2
6903 1
6905 2
6906 2
6909 1
6910 2
6911 2
6912 2
6913 1
6914 3
6916 5
6917 1
6918 2
6920 3
6921 2
6922 1
6923 1
6924 2
6925 2
6926 3
6927 2
6929 3
6930 1
6931 2
6932 2
6933 1
6934 5
6935 2
6936 2
6937 3
6939 1
6940 5
6941 4
6942 1
6946 2
6947 3
6948 1
6950 2
6951 2
6952 3
6953 1
6954 3
6955 1
6957 3
6958 1
6959 4
6960 2
6961 2
6962 1
6966 2
6967 1
6968 1
6969 2
6970 3
6972 1
6973 2
6974 3
6975 4
6976 3
6977 2
6978 2
6980 4
6981 3
6982 2
6983 2
6984 3
6985 2
6986 2
6988 5
6989 3
6990 1
6991 4
6992 4
6994 2
6996 1
6997 1
6998 1
6999 2
7000 1
7001 1
7003 3
7005 4
7006 5
7007 3
7008 2
7009 2
7010 1
7011 3
7012 1
7013 2
7014 2
7016 5
7017 1
7018 2
7019 2
7020 1
7021 3
7022 3
7025 1
7026 1
7027 2
7028 3
7029 2
7030 2
7031 2
7032 1
7033 4
7036 2
7038 1
7041 1
7042 4
7043 1
7045 1
7047 1
7048 2
7049 3
7051 1
7053 4
7054 3
7055 3
7057 2
7059 2
7060 3
7062 7
7063 1
7064 1
7066 1
7067 2
7068 3
7069 1
7070 1
7071 3
7072 1
7074 1
7076 1
7078 1
7080 2
7081 2
7082 1
7083 1
7084 4
7085 3
7086 1
7088 3
7089 1
7090 1
7091 1
7092 3
7093 3
7094 1
7095 1
7097 2
7099 2
7102 1
7103 1
7105 1
7106 2
7107 1
7108 1
7110 4
7111 3
7112 2
7113 2
7114 2
7117 1
7118 3
7119 2
7120 2
7122 3
7123 1
7124 4
7125 1
7126 1
7127 3
7128 1
7131 1
7132 3
7135 2
7136 1
7139 3
7141 1
7142 1
7143 1
7144 1
7145 2
7146 3
7147 1
7148 2
7149 2
7150 2
7151 1
7153 2
7155 2
7156 5
7157 3
7158 3
7159 1
7161 2
7162 2
7166 1
7167 1
7171 1
7172 5
7173 2
7174 1
7177 3
7178 2
7181 1
7183 2
7184 1
7185 2
7186 2
7187 2
7188 2
7189 1
7190 1
7191 2
7192 1
7193 4
7194 1
7196 2
7197 3
7198 1
7199 1
7200 1
7202 4
7203 4
7205 4
7206 2
7207 1
7208 1
7209 1
7210 2
7211 2
7212 2
7213 2
7214 1
7216 1
7217 1
7220 2
7221 1
7222 1
7223 1
7224 4
7225 6
7226 4
7227 3
7228 1
7230 3
7232 2
7233 1
7234 2
7235 3
7236 1
7237 2
7238 1
7239 4
7240 3
7242 3
7243 3
7244 1
7245 1
7247 1
7248 1
7249 1
7250 1
7252 1
7254 4
7255 2
7256 4
7257 1
7258 2
7259 3
7263 2
7264 1
7268 3
7269 2
7270 4
7271 1
7272 2
7273 1
7275 2
7276 1
7277 3
7282 1
7283 1
7285 1
7286 2
7287 1
7291 1
7292 3
7293 2
7294 1
7296 2
7298 2
7299 2
7301 1
7303 2
7304 2
7305 3
7307 1
7309 1
7311 1
7312 1
7314 2
7316 3
7318 1
7319 1
7320 2
7321 1
7325 1
7330 2
7331 1
7334 3
7335 1
7337 1
7338 5
7340 2
7341 2
7342 2
7346 1
7347 3
7349 1
7350 1
7351 2
7352 3
7353 2
7354 1
7356 2
7358 2
7359 3
7361 2
7362 2
7365 1
7369 3
7370 2
7372 1
7373 3
7375 1
7376 2
7378 1
7381 3
7382 1
7383 2
7384 1
7385 2
7386 1
7387 2
7391 1
7393 1
7394 3
7396 1
7398 2
7399 1
7400 1
7401 1
7403 2
7406 1
7407 1
7408 1
7412 2
7414 2
7416 2
7417 2
7418 1
7419 1
7420 2
7421 1
7422 1
7423 1
7425 1
7426 2
7427 1
7428 3
7430 1
7431 1
7432 1
7433 1
7434 2
7435 1
7436 1
7438 2
7441 2
7442 2
7443 1
7444 2
7445 4
7447 3
7448 1
7449 1
7450 2
7451 2
7452 1
7455 1
7456 5
7457 1
7458 3
7459 3
7460 1
7462 1
7463 2
7466 1
7469 1
7470 1
7471 2
7474 1
7475 2
7478 1
7479 3
7480 1
7481 1
7482 2
7483 2
7484 2
7486 1
7490 1
7491 2
7495 2
7497 2
7498 2
7501 1
7502 1
7503 1
7505 1
7506 1
7508 1
7510 2
7511 1
7512 3
7513 1
7514 1
7516 1
7517 2
7518 1
7519 1
7520 2
7521 2
7523 3
7524 3
7527 1
7530 2
7532 1
7535 1
7537 1
7538 1
7541 2
7542 1
7544 1
7546 1
7547 2
7549 3
7550 1
7552 1
7554 1
7555 1
7556 3
7557 1
7559 2
7560 2
7566 2
7568 3
7571 2
7572 2
7573 3
7574 1
7575 3
7578 3
7579 2
7580 2
7581 2
7582 2
7584 1
7585 1
7586 1
7587 1
7589 2
7590 1
7592 3
7593 1
7594 2
7598 1
7601 3
7602 2
7603 1
7604 1
7606 2
7609 1
7611 2
7612 2
7613 3
7614 1
7616 2
7618 3
7619 2
7620 2
7621 1
7625 1
7626 1
7627 1
7629 4
7630 2
7632 2
7634 1
7635 1
7637 1
7638 1
7639 1
7642 1
7643 1
7644 1
7645 1
7648 1
7650 4
7651 1
7653 1
7654 1
7655 1
7656 1
7657 1
7658 1
7659 2
7662 1
7664 2
7665 2
7667 3
7671 2
7672 2
7673 3
7675 3
7677 2
7678 2
7679 3
7682 2
7683 1
7684 2
7685 1
7686 1
7688 1
7689 1
7690 1
7691 3
7693 3
7694 1
7695 1
7696 2
7697 2
7699 3
7702 1
7703 1
7704 1
7705 1
7706 1
7708 2
7709 2
7711 1
7712 1
7713 2
7716 1
7717 2
7718 1
7719 1
7720 1
7722 1
7723 1
7729 2
7730 2
7731 2
7734 1
7735 1
7736 1
7737 2
7738 1
7739 1
7740 1
7741 1
7744 3
7745 1
7746 1
7747 1
7748 1
7749 2
7750 2
7752 2
7754 1
7755 1
7756 2
7757 3
7759 1
7760 1
7764 1
7770 2
7771 1
7773 2
7776 1
7777 3
7778 1
7779 3
7781 1
7782 1
7783 1
7784 1
7785 1
7788 1
7789 1
7790 2
7791 3
7792 1
7794 1
7795 2
7796 1
7797 1
7798 2
7800 2
7801 1
7804 1
7807 1
7808 2
7811 2
7812 1
7813 2
7814 1
7815 1
7817 1
7818 1
7820 1
7830 1
7832 1
7833 2
7834 1
7835 1
7836 1
7838 1
7839 2
7841 2
7844 1
7845 3
7848 2
7849 1
7850 1
7851 1
7852 2
7853 3
7854 1
7855 1
7857 3
7859 3
7860 1
7861 1
7862 1
7867 1
7869 1
7870 1
7872 1
7873 1
7874 2
7878 1
7879 1
7880 2
7883 2
7884 1
7886 3
7888 1
7890 2
7891 3
7892 1
7893 2
7894 1
7896 1
7898 1
7899 2
7901 1
7902 1
7903 1
7904 2
7907 2
7908 1
7909 1
7910 2
7912 2
7914 3
7915 1
7916 1
7917 1
7919 1
7920 2
7921 1
7922 1
7923 1
7925 1
7929 2
7930 3
7932 1
7933 1
7935 1
7936 2
7937 1
7939 1
7940 3
7941 1
7942 2
7945 1
7948 3
7949 3
7950 1
7951 1
7952 2
7953 2
7955 1
7957 1
7960 1
7961 1
7962 1
7963 2
7964 1
7965 1
7966 2
7969 1
7971 1
7972 5
7973 2
7975 1
7977 2
7978 1
7979 3
7981 2
7982 1
7984 1
7985 4
7987 2
7991 1
7992 1
7993 1
7995 1
7997 1
7998 1
8000 1
8001 2
8003 2
8006 1
8007 1
8008 1
8010 1
8011 1
8013 2
8014 3
8015 1
8019 1
8021 1
8022 1
8023 1
8024 3
8027 1
8028 3
8029 2
8034 2
8036 1
8042 1
8044 3
8048 2
8050 2
8051 1
8053 1
8055 1
8056 1
8058 1
8059 2
8060 1
8061 1
8065 3
8067 1
8069 2
8070 1
8071 1
8072 1
8073 1
8074 2
8075 2
8076 2
8078 1
8080 1
8082 1
8083 2
8084 2
8086 1
8087 1
8088 2
8089 2
8090 2
8094 2
8096 1
8097 1
8098 2
8100 2
8101 5
8102 3
8103 1
8104 1
8105 1
8106 4
8109 1
8113 1
8114 1
8115 1
8117 1
8121 3
8122 2
8123 2
8124 1
8125 1
8126 2
8128 2
8130 3
8131 1
8132 1
8133 2
8135 1
8137 2
8138 1
8139 1
8140 1
8141 1
8142 2
8143 2
8145 2
8149 1
8150 1
8153 1
8154 2
8155 1
8156 1
8157 1
8158 1
8159 3
8160 1
8161 1
8164 1
8165 1
8167 2
8174 1
8175 1
8180 1
8181 1
8183 1
8185 1
8186 2
8189 1
8191 1
8192 3
8193 3
8194 1
8195 2
8196 3
8197 1
8201 1
8205 2
8207 2
8210 1
8212 1
8213 1
8214 1
8215 1
8217 1
8221 2
8222 1
8223 1
8226 1
8227 1
8229 1
8231 2
8233 1
8234 2
8235 1
8236 1
8238 1
8242 1
8244 3
8245 1
8246 1
8248 2
8249 1
8250 1
8252 2
8254 1
8257 2
8258 1
8259 2
8262 1
8264 1
8267 1
8268 1
8269 1
8270 1
8272 1
8274 2
8275 1
8276 2
8279 3
8282 1
8283 3
8286 1
8289 4
8292 1
8293 1
8294 3
8297 1
8298 1
8299 1
8300 1
8301 1
8303 1
8307 1
8309 1
8312 1
8313 2
8315 1
8318 1
8319 1
8321 1
8322 1
8328 1
8331 1
8332 2
8333 1
8336 1
8338 1
8340 1
8342 1
8344 1
8345 1
8346 1
8347 2
8349 1
8350 2
8351 2
8353 1
8354 2
8355 3
8358 1
8360 1
8361 1
8363 1
8364 2
8365 1
8370 1
8371 1
8372 1
8374 1
8376 2
8377 1
8378 1
8379 1
8381 2
8384 2
8385 1
8387 2
8388 1
8390 1
8391 1
8396 1
8397 1
8398 1
8401 1
8402 1
8403 2
8405 1
8406 1
8407 1
8408 1
8410 2
8411 1
8412 1
8413 1
8415 3
8416 1
8418 1
8419 2
8420 1
8421 1
8423 2
8424 1
8426 1
8427 1
8429 1
8432 2
8437 4
8438 1
8442 3
8444 1
8447 2
8455 1
8456 3
8459 1
8460 1
8461 1
8462 1
8463 1
8467 2
8474 2
8477 1
8478 1
8479 1
8480 1
8481 2
8485 1
8486 1
8488 1
8489 1
8491 2
8492 3
8493 1
8494 1
8495 1
8496 2
8497 2
8501 2
8502 4
8503 2
8505 1
8506 2
8507 2
8508 1
8509 2
8511 1
8512 1
8513 2
8514 1
8515 1
8516 1
8517 1
8518 1
8519 2
8521 1
8523 2
8525 1
8526 2
8529 1
8530 2
8532 2
8533 1
8536 2
8538 1
8539 1
8540 1
8541 1
8544 2
8545 1
8547 1
8548 3
8551 1
8552 1
8553 1
8554 1
8555 2
8556 4
8559 1
8560 1
8561 1
8564 2
8566 2
8567 2
8568 2
8569 1
8570 4
8571 3
8574 1
8576 1
8582 1
8583 2
8587 1
8589 2
8591 1
8592 1
8594 1
8595 3
8597 2
8598 1
8599 1
8600 4
8605 1
8607 2
8609 2
8611 2
8612 1
8613 1
8614 2
8617 1
8618 1
8619 2
8620 1
8621 1
8622 1
8623 4
8624 2
8626 1
8633 1
8634 2
8636 1
8638 1
8640 1
8643 1
8645 2
8647 2
8648 1
8649 1
8650 1
8651 1
8653 1
8655 1
8656 2
8658 2
8663 1
8667 2
8668 1
8671 1
8673 2
8674 1
8675 1
8678 1
8680 1
8681 2
8682 4
8683 2
8685 1
8688 2
8690 1
8693 4
8696 1
8699 1
8700 1
8703 1
8704 1
8705 2
8706 2
8707 1
8709 1
8712 1
8713 1
8715 1
8716 1
8718 1
8720 1
8724 1
8725 2
8727 1
8732 1
8733 1
8737 1
8740 1
8742 2
8743 3
8744 1
8746 1
8747 2
8749 1
8751 3
8752 1
8753 1
8754 1
8755 1
8756 1
8758 2
8759 2
8760 1
8763 1
8764 2
8765 1
8766 1
8767 1
8768 1
8769 1
8770 1
8771 1
8774 2
8777 2
8778 1
8779 1
8781 2
8782 1
8784 1
8787 1
8789 3
8791 1
8792 1
8793 1
8795 3
8796 1
8797 2
8798 1
8799 1
8800 2
8803 2
8804 1
8805 1
8806 2
8807 1
8809 1
8810 1
8811 2
8816 1
8820 1
8822 2
8823 1
8824 3
8826 1
8828 1
8830 2
8831 1
8834 3
8836 1
8838 2
8839 3
8840 1
8843 2
8844 1
8845 2
8846 1
8850 2
8852 1
8853 2
8854 1
8855 2
8856 1
8857 1
8860 1
8862 1
8867 1
8868 1
8869 2
8870 1
8872 1
8874 1
8876 1
8877 1
8878 2
8880 1
8886 3
8889 1
8890 1
8891 1
8892 1
8894 1
8896 3
8899 3
8902 1
8903 1
8906 1
8907 2
8909 2
8910 1
8911 1
8912 2
8913 1
8914 4
8916 1
8918 1
8919 1
8922 1
8923 1
8924 2
8925 1
8926 1
8927 1
8929 3
8931 1
8933 4
8935 2
8936 1
8938 1
8940 1
8942 3
8945 1
8948 2
8949 3
8950 2
8951 2
8953 1
8956 2
8958 1
8959 1
8961 1
8962 1
8963 1
8964 2
8966 2
8967 1
8968 1
8969 1
8970 2
8971 1
8972 1
8973 2
8975 1
8976 1
8977 1
8981 1
8982 1
8983 2
8984 2
8985 1
8986 1
8993 1
8994 1
8995 1
8996 2
8998 1
8999 2
9000 1
9001 1
9003 3
9004 1
9006 2
9008 1
9009 1
9011 4
9013 1
9014 3
9015 1
9016 6
9017 2
9018 3
9020 1
9021 1
9023 1
9025 2
9027 2
9030 2
9031 1
9032 1
9034 2
9036 1
9038 2
9041 1
9042 1
9043 2
9045 2
9046 2
9049 1
9052 1
9054 1
9055 1
9056 1
9059 2
9060 1
9061 1
9062 1
9063 1
9065 4
9068 1
9069 1
9071 2
9078 1
9079 1
9084 1
9085 2
9086 1
9091 2
9092 1
9094 1
9095 1
9096 2
9098 3
9103 3
9104 2
9105 3
9108 2
9111 2
9112 2
9114 1
9115 1
9118 1
9119 1
9120 2
9121 1
9123 1
9124 2
9125 3
9127 2
9128 2
9130 2
9131 2
9132 3
9135 1
9136 1
9137 3
9138 2
9139 1
9140 2
9144 1
9145 2
9147 1
9148 1
9152 1
9154 2
9155 1
9157 1
9158 1
9159 1
9160 1
9163 1
9164 2
9165 1
9167 1
9170 1
9172 1
9174 1
9175 2
9178 2
9180 3
9182 1
9184 1
9185 1
9186 1
9187 1
9189 1
9191 1
9192 1
9197 1
9199 1
9200 1
9202 1
9204 1
9206 2
9208 2
9210 1
9211 1
9212 2
9213 1
9214 1
9215 2
9217 1
9218 3
9223 2
9224 2
9226 1
9228 1
9231 1
9233 1
9234 2
9235 1
9236 1
9237 1
9238 2
9239 1
9240 1
9242 1
9243 1
9246 2
9247 1
9250 1
9255 1
9256 2
9258 2
9261 1
9262 1
9263 3
9266 2
9270 1
9272 1
9275 1
9278 2
9279 1
9281 4
9284 2
9286 1
9287 1
9288 2
9289 1
9290 1
9291 1
9296 2
9298 2
9301 1
9302 1
9303 3
9305 1
9306 3
9309 2
9310 2
9311 1
9313 2
9314 2
9316 1
9317 1
9318 1
9320 1
9324 1
9326 1
9328 1
9329 2
9330 1
9331 2
9332 1
9333 1
9335 1
9336 1
9341 1
9344 2
9345 2
9348 1
9349 1
9350 2
9351 1
9354 3
9355 1
9356 3
9359 2
9360 1
9361 1
9363 2
9364 1
9368 1
9370 3
9372 1
9373 2
9374 2
9375 1
9376 1
9377 2
9380 1
9381 1
9385 2
9387 1
9390 1
9391 1
9394 1
9395 2
9396 1
9397 2
9399 3
9401 2
9402 1
9404 3
9406 2
9407 2
9408 1
9409 2
9411 2
9412 2
9414 3
9415 3
9418 1
9419 1
9421 2
9422 2
9424 1
9428 1
9430 1
9432 2
9434 1
9436 3
9440 1
9441 2
9442 1
9443 1
9447 1
9451 1
9452 1
9456 3
9457 2
9460 1
9463 1
9467 2
9468 3
9470 1
9473 1
9481 1
9485 1
9492 2
9493 3
9494 2
9495 1
9496 3
9497 2
9500 1
9502 3
9505 2
9511 2
9513 1
9514 2
9515 1
9516 1
9517 1
9519 1
9520 1
9521 1
9522 1
9523 1
9524 1
9525 2
9527 1
9529 2
9531 1
9532 1
9533 2
9534 1
9535 4
9537 2
9538 3
9539 2
9542 2
9545 1
9548 2
9549 2
9551 2
9552 1
9553 2
9554 1
9555 4
9556 2
9558 1
9559 1
9561 2
9567 1
9568 2
9569 2
9570 1
9572 1
9573 2
9574 2
9575 2
9576 3
9577 1
9580 1
9581 4
9583 1
9584 3
9586 2
9587 3
9588 3
9589 1
9590 1
9592 1
9593 1
9600 1
9601 2
9603 1
9604 1
9609 1
9612 2
9613 2
9617 2
9618 1
9619 1
9620 1
9623 1
9625 1
9629 1
9630 2
9631 1
9632 1
9634 1
9635 2
9637 1
9640 1
9642 1
9643 1
9646 2
9649 1
9650 1
9652 1
9653 1
9656 4
9659 1
9660 1
9662 1
9663 1
9664 2
9665 1
9666 1
9667 1
9669 1
9670 1
9671 2
9673 2
9674 2
9675 2
9678 3
9680 3
9681 1
9683 1
9687 1
9689 1
9690 2
9691 3
9692 1
9693 1
9694 3
9695 3
9696 1
9697 1
9698 1
9699 1
9700 2
9702 2
9703 1
9704 3
9705 1
9706 2
9711 1
9713 2
9714 1
9715 1
9717 2
9718 1
9719 2
9720 1
9721 1
9722 1
9723 1
9725 1
9726 1
9732 1
9733 1
9734 3
9735 2
9736 1
9737 1
9738 1
9739 1
9740 3
9742 1
9748 2
9749 1
9751 1
9759 1
9760 1
9761 1
9762 1
9763 2
9767 1
9768 1
9769 1
9770 2
9774 1
9775 2
9776 1
9778 1
9779 1
9780 1
9782 1
9783 1
9788 1
9792 3
9795 2
9799 3
9800 1
9801 1
9802 2
9803 1
9804 2
9805 3
9806 3
9808 1
9809 1
9811 1
9813 1
9814 1
9817 1
9819 2
9821 1
9822 1
9823 1
9824 1
9825 1
9826 2
9831 1
9832 2
9837 1
9839 1
9845 1
9847 3
9848 1
9849 3
9853 2
9854 1
9857 1
9858 1
9861 2
9862 1
9863 2
9865 2
9866 1
9869 3
9871 2
9872 1
9873 1
9874 2
9878 1
9880 1
9883 1
9886 1
9887 1
9888 1
9890 1
9891 1
9892 1
9894 1
9896 1
9901 1
9902 1
9904 2
9905 2
9907 1
9908 1
9909 2
9911 1
9914 1
9915 1
9916 2
9918 1
9919 3
9920 4
9923 1
9924 1
9926 1
9927 2
9928 2
9929 1
9938 1
9943 1
9944 1
9946 1
9947 1
9950 4
9956 1
9958 2
9959 2
9960 2
9962 2
9963 2
9964 1
9966 2
9967 1
9968 3
9972 1
9977 1
9978 1
9979 1
9980 1
9981 2
9982 4
9983 1
9984 1
9985 2
9988 3
9993 2
9994 1
9995 1
9996 1
9997 4
10001 4222
