1 272696169
2 2830278
3 653987
4 350534
5 151185
6 100933
7 79734
8 47952
9 29841
10 22518
11 15310
12 11314
13 8636
14 6820
15 5882
16 5134
17 4212
18 3875
19 2988
20 2489
21 2276
22 1681
23 1541
24 1531
25 1276
26 1133
27 1061
28 913
29 720
30 763
31 818
32 708
33 643
34 630
35 525
36 417
37 754
38 530
39 492
40 390
41 346
42 393
43 351
44 235
45 240
46 214
47 229
48 201
49 373
50 404
51 312
52 419
53 511
54 906
55 2753
56 1543
57 537
58 402
59 185
60 246
61 187
62 280
63 133
64 270
65 226
66 189
67 176
68 282
69 347
70 193
71 81
72 73
73 47
74 39
75 52
76 32
77 28
78 151
79 58
80 28
81 44
82 11
83 8
84 16
85 27
86 18
87 38
88 26
89 23
90 11
91 82
92 92
93 65
94 15
95 21
96 50
97 30
98 100
99 40
100 28
101 19
102 35
103 20
104 5
105 19
106 25
107 44
108 28
109 30
110 49
111 57
112 74
113 3
114 20
115 33
116 16
117 10
118 13
119 16
120 22
121 17
122 24
123 22
124 47
125 113
126 83
127 12
128 37
129 21
130 9
131 13
132 9
133 17
134 5
135 23
136 3
137 3
138 8
139 8
140 4
141 5
142 6
143 27
144 76
145 47
146 43
147 34
148 22
149 3
150 45
151 20
152 5
153 3
154 16
155 6
156 2
158 1
159 4
160 1
163 24
164 1
165 61
166 88
167 24
168 23
169 15
170 10
171 2
172 8
173 7
175 24
176 3
177 33
179 6
180 2
181 71
182 5
183 47
184 240
185 53
186 26
187 7
188 3
189 3
190 3
191 4
192 4
193 4
194 2
196 28
197 73
198 91
199 6
200 25
201 58
202 10
203 50
204 8
205 29
206 31
207 28
209 1
210 1
211 1
212 2
214 1
215 1
216 3
217 79
218 97
219 2488
220 78
221 153
222 493
223 1861
224 200
225 14
226 4
227 10
228 13
229 1
231 3
232 5
233 10
234 3
235 6
236 32
237 53
238 1
239 1
240 2
247 1
248 1
249 2
251 6
252 5
253 5
254 1
255 7
256 25
257 17
258 8
259 8
260 5
264 2
265 2
266 1
268 2
269 9
270 3
272 8
273 2
275 2
277 1
278 2
279 1
295 3
299 1
304 1
305 4
306 2
308 1
309 3
310 4
311 3
312 1
313 2
314 1
315 1
365 1
368 20
379 5
380 19
389 11
420 44
421 102
574 1
576 2
577 1
578 1
579 1
581 2
585 1
586 1
