1 592490118
2 6560159
3 1695827
4 872193
5 428591
6 266535
7 188696
8 130015
9 95679
10 74241
11 57463
12 48659
13 37691
14 32281
15 28757
16 24052
17 22123
18 18415
19 16826
20 15636
21 15657
22 13575
23 11278
24 10263
25 9959
26 9398
27 8342
28 7156
29 6319
30 6288
31 6194
32 5534
33 5201
34 4865
35 4849
36 4370
37 4091
38 4308
39 3853
40 3939
41 3757
42 3474
43 3373
44 3337
45 4672
46 5350
47 4047
48 3193
49 2921
50 2515
51 2621
52 2651
53 3186
54 4240
55 2422
56 2400
57 2112
58 1628
59 1622
60 1513
61 1519
62 1376
63 1359
64 1421
65 1508
66 1396
67 1303
68 1202
69 1036
70 1091
71 954
72 1031
73 1109
74 1094
75 985
76 952
77 926
78 891
79 840
80 778
81 835
82 789
83 646
84 806
85 824
86 793
87 783
88 763
89 764
90 753
91 672
92 577
93 621
94 635
95 513
96 657
97 576
98 498
99 582
100 611
101 740
102 710
103 676
104 618
105 489
106 525
107 499
108 538
109 442
110 508
111 470
112 477
113 418
114 418
115 357
116 369
117 400
118 317
119 331
120 351
121 321
122 383
123 328
124 398
125 462
126 570
127 333
128 301
129 343
130 241
131 322
132 275
133 296
134 301
135 260
136 276
137 276
138 245
139 240
140 295
141 306
142 304
143 307
144 285
145 285
146 227
147 270
148 263
149 286
150 245
151 261
152 298
153 248
154 304
155 214
156 248
157 211
158 256
159 205
160 240
161 237
162 316
163 307
164 265
165 200
166 277
167 213
168 185
169 239
170 225
171 219
172 199
173 195
174 206
175 226
176 228
177 261
178 255
179 265
180 258
181 328
182 240
183 191
184 265
185 263
186 221
187 197
188 194
189 187
190 197
191 200
192 150
193 136
194 129
195 178
196 146
197 129
198 133
199 186
200 138
201 107
202 148
203 132
204 122
205 161
206 144
207 118
208 187
209 148
210 164
211 106
212 106
213 129
214 127
215 169
216 168
217 189
218 468
219 5788
220 217
221 145
222 175
223 214
224 577
225 129
226 95
227 87
228 81
229 83
230 55
231 49
232 81
233 81
234 73
235 70
236 61
237 80
238 63
239 67
240 88
241 77
242 69
243 79
244 66
245 68
246 55
247 100
248 65
249 82
250 82
251 84
252 78
253 90
254 140
255 76
256 67
257 92
258 135
259 112
260 67
261 70
262 67
263 56
264 81
265 62
266 68
267 71
268 81
269 72
270 74
271 89
272 98
273 63
274 66
275 53
276 73
277 76
278 41
279 75
280 49
281 48
282 63
283 44
284 59
285 58
286 49
287 37
288 71
289 74
290 43
291 49
292 83
293 70
294 76
295 79
296 174
297 83
298 70
299 54
300 54
301 62
302 55
303 67
304 77
305 47
306 78
307 85
308 78
309 91
310 84
311 69
312 59
313 49
314 61
315 67
316 73
317 49
318 77
319 46
320 65
321 72
322 55
323 78
324 65
325 59
326 63
327 58
328 88
329 73
330 72
331 54
332 63
333 64
334 53
335 60
336 58
337 76
338 49
339 53
340 66
341 49
342 56
343 75
344 88
345 48
346 87
347 65
348 45
349 61
350 42
351 50
352 46
353 60
354 45
355 67
356 59
357 71
358 66
359 61
360 59
361 51
362 66
363 61
364 58
365 76
366 87
367 56
368 78
369 69
370 74
371 89
372 60
373 61
374 46
375 57
376 61
377 61
378 42
379 56
380 55
381 51
382 54
383 42
384 32
385 54
386 32
387 65
388 44
389 30
390 45
391 53
392 50
393 40
394 35
395 44
396 25
397 26
398 41
399 49
400 62
401 50
402 48
403 42
404 37
405 57
406 49
407 50
408 54
409 37
410 49
411 39
412 39
413 43
414 46
415 36
416 35
417 44
418 26
419 35
420 30
421 51
422 49
423 36
424 42
425 24
426 20
427 22
428 17
429 22
430 28
431 29
432 23
433 30
434 24
435 22
436 16
437 28
438 37
439 34
440 46
441 30
442 37
443 41
444 34
445 24
446 24
447 24
448 16
449 37
450 42
451 29
452 31
453 32
454 24
455 15
456 25
457 14
458 13
459 23
460 21
461 21
462 11
463 11
464 16
465 17
466 24
467 13
468 41
469 24
470 13
471 19
472 20
473 14
474 19
475 22
476 17
477 24
478 21
479 22
480 9
481 16
482 23
483 23
484 12
485 17
486 18
487 10
488 14
489 10
490 10
491 8
492 17
493 21
494 22
495 27
496 22
497 23
498 23
499 29
500 17
501 8
502 15
503 12
504 13
505 12
506 14
507 10
508 12
509 21
510 26
511 24
512 16
513 40
514 16
515 17
516 26
517 16
518 28
519 22
520 22
521 32
522 21
523 27
524 27
525 13
526 22
527 30
528 20
529 17
530 12
531 27
532 15
533 14
534 20
535 37
536 22
537 21
538 25
539 17
540 34
541 30
542 18
543 49
544 36
545 23
546 11
547 22
548 41
549 26
550 30
551 33
552 30
553 36
554 29
555 22
556 42
557 18
558 25
559 20
560 26
561 43
562 29
563 32
564 16
565 25
566 26
567 20
568 22
569 17
570 20
571 22
572 35
573 20
574 29
575 20
576 15
577 18
578 25
579 14
580 21
581 14
582 13
583 24
584 13
585 25
586 21
587 12
588 19
589 11
590 20
591 21
592 17
593 18
594 21
595 14
596 6
597 18
598 13
599 16
600 24
601 20
602 16
603 15
604 34
605 20
606 16
607 15
608 24
609 13
610 32
611 25
612 29
613 10
614 26
615 24
616 12
617 25
618 19
619 19
620 26
621 14
622 22
623 16
624 25
625 21
626 31
627 31
628 18
629 24
630 24
631 23
632 19
633 19
634 30
635 31
636 37
637 29
638 24
639 27
640 22
641 33
642 28
643 21
644 18
645 26
646 22
647 17
648 16
649 22
650 31
651 50
652 46
653 16
654 24
655 19
656 26
657 41
658 34
659 20
660 33
661 28
662 31
663 46
664 33
665 43
666 30
667 53
668 35
669 22
670 20
671 25
672 19
673 20
674 25
675 29
676 22
677 21
678 24
679 18
680 18
681 27
682 22
683 16
684 32
685 21
686 27
687 26
688 19
689 15
690 21
691 19
692 16
693 16
694 23
695 25
696 11
697 22
698 22
699 27
700 22
701 27
702 35
703 21
704 23
705 46
706 53
707 47
708 46
709 41
710 37
711 27
712 24
713 30
714 29
715 29
716 23
717 29
718 35
719 25
720 24
721 39
722 39
723 30
724 27
725 34
726 17
727 34
728 45
729 31
730 49
731 44
732 39
733 24
734 26
735 14
736 27
737 25
738 36
739 22
740 37
741 24
742 33
743 24
744 19
745 23
746 22
747 28
748 40
749 32
750 31
751 26
752 27
753 31
754 33
755 30
756 33
757 40
758 49
759 46
760 40
761 34
762 46
763 39
764 44
765 36
766 44
767 41
768 44
769 33
770 64
771 35
772 42
773 37
774 49
775 53
776 48
777 39
778 40
779 50
780 43
781 62
782 39
783 33
784 35
785 34
786 40
787 33
788 33
789 41
790 36
791 41
792 35
793 23
794 34
795 28
796 24
797 28
798 33
799 35
800 32
801 31
802 46
803 24
804 23
805 30
806 25
807 29
808 30
809 30
810 17
811 28
812 23
813 31
814 24
815 22
816 27
817 42
818 29
819 23
820 29
821 14
822 25
823 29
824 15
825 40
826 33
827 34
828 21
829 23
830 18
831 27
832 14
833 15
834 18
835 25
836 17
837 13
838 14
839 17
840 12
841 18
842 17
843 17
844 17
845 13
846 9
847 23
848 29
849 16
850 15
851 13
852 19
853 22
854 17
855 21
856 27
857 16
858 25
859 22
860 19
861 19
862 16
863 33
864 9
865 20
866 14
867 18
868 17
869 15
870 9
871 21
872 9
873 12
874 11
875 19
876 9
877 20
878 13
879 16
880 24
881 30
882 27
883 22
884 26
885 22
886 30
887 13
888 19
889 18
890 21
891 13
892 15
893 15
894 35
895 32
896 26
897 21
898 38
899 22
900 22
901 36
902 26
903 31
904 17
905 12
906 29
907 24
908 40
909 47
910 22
911 22
912 18
913 26
914 45
915 37
916 19
917 50
918 29
919 13
920 22
921 14
922 28
923 42
924 35
925 47
926 53
927 45
928 54
929 42
930 56
931 42
932 57
933 45
934 34
935 66
936 40
937 52
938 64
939 36
940 23
941 34
942 53
943 53
944 78
945 64
946 50
947 47
948 57
949 62
950 50
951 40
952 63
953 33
954 30
955 26
956 17
957 18
958 20
959 29
960 27
961 31
962 24
963 18
964 29
965 7
966 18
967 13
968 17
969 17
970 17
971 20
972 20
973 21
974 14
975 29
976 23
977 16
978 15
979 14
980 14
981 17
982 9
983 22
984 12
985 16
986 17
987 15
988 11
989 12
990 13
991 21
992 23
993 14
994 22
995 15
996 23
997 15
998 12
999 10
1000 9
1001 8
1002 15
1003 12
1004 10
1005 9
1006 20
1007 9
1008 14
1009 15
1010 9
1011 15
1012 15
1013 22
1014 16
1015 24
1016 21
1017 13
1018 16
1019 17
1020 16
1021 19
1022 16
1023 16
1024 14
1025 8
1026 19
1027 6
1028 11
1029 12
1030 14
1031 14
1032 9
1033 9
1034 12
1035 11
1036 13
1037 14
1038 14
1039 6
1040 17
1041 11
1042 9
1043 10
1044 17
1045 12
1046 18
1047 19
1048 13
1049 11
1050 7
1051 16
1052 13
1053 18
1054 20
1055 16
1056 12
1057 14
1058 15
1059 16
1060 17
1061 17
1062 9
1063 13
1064 18
1065 12
1066 13
1067 11
1068 15
1069 15
1070 16
1071 14
1072 13
1073 19
1074 14
1075 16
1076 9
1077 12
1078 6
1079 10
1080 24
1081 15
1082 8
1083 17
1084 12
1085 15
1086 10
1087 18
1088 16
1089 13
1090 23
1091 7
1092 16
1093 11
1094 15
1095 16
1096 16
1097 12
1098 10
1099 9
1100 13
1101 20
1102 15
1103 14
1104 7
1105 16
1106 14
1107 17
1108 20
1109 13
1110 11
1111 12
1112 11
1113 10
1114 6
1115 11
1116 6
1117 9
1118 10
1119 9
1120 18
1121 10
1122 12
1123 8
1124 11
1125 20
1126 13
1127 21
1128 7
1129 13
1130 10
1131 8
1132 11
1133 22
1134 19
1135 8
1136 9
1137 9
1138 10
1139 12
1140 8
1141 15
1142 9
1143 8
1144 14
1145 9
1146 17
1147 13
1148 12
1149 13
1150 8
1151 11
1152 19
1153 9
1154 14
1155 7
1156 9
1157 11
1158 12
1159 12
1160 13
1161 13
1162 16
1163 20
1164 13
1165 10
1166 9
1167 18
1168 15
1169 8
1170 7
1171 11
1172 12
1173 9
1174 19
1175 12
1176 18
1177 10
1178 9
1179 7
1180 8
1181 10
1182 20
1183 12
1184 8
1185 15
1186 11
1187 6
1188 10
1189 9
1190 13
1191 18
1192 13
1193 10
1194 15
1195 13
1196 14
1197 9
1198 25
1199 17
1200 12
1201 12
1202 14
1203 8
1204 14
1205 20
1206 25
1207 15
1208 20
1209 23
1210 16
1211 19
1212 17
1213 21
1214 18
1215 20
1216 15
1217 15
1218 21
1219 12
1220 13
1221 13
1222 11
1223 15
1224 14
1225 8
1226 12
1227 11
1228 23
1229 14
1230 20
1231 9
1232 29
1233 13
1234 15
1235 23
1236 22
1237 19
1238 25
1239 18
1240 13
1241 20
1242 18
1243 12
1244 14
1245 9
1246 18
1247 16
1248 25
1249 14
1250 26
1251 25
1252 17
1253 19
1254 28
1255 30
1256 22
1257 33
1258 18
1259 17
1260 26
1261 25
1262 26
1263 18
1264 33
1265 10
1266 17
1267 24
1268 21
1269 18
1270 17
1271 17
1272 15
1273 22
1274 20
1275 23
1276 16
1277 23
1278 27
1279 17
1280 23
1281 30
1282 16
1283 20
1284 21
1285 26
1286 25
1287 19
1288 26
1289 20
1290 22
1291 14
1292 12
1293 21
1294 24
1295 13
1296 22
1297 18
1298 12
1299 10
1300 14
1301 12
1302 16
1303 13
1304 14
1305 12
1306 9
1307 10
1308 10
1309 12
1310 15
1311 10
1312 10
1313 12
1314 18
1315 13
1316 4
1317 9
1318 6
1319 8
1320 12
1321 14
1322 13
1323 9
1324 7
1325 14
1326 13
1327 9
1328 8
1329 12
1330 8
1331 3
1332 4
1333 13
1334 8
1335 19
1336 17
1337 18
1338 10
1339 23
1340 23
1341 20
1342 16
1343 19
1344 12
1345 14
1346 11
1347 19
1348 11
1349 12
1350 13
1351 14
1352 13
1353 11
1354 18
1355 17
1356 18
1357 8
1358 21
1359 19
1360 18
1361 10
1362 9
1363 15
1364 23
1365 20
1366 16
1367 18
1368 16
1369 11
1370 17
1371 23
1372 19
1373 19
1374 24
1375 19
1376 19
1377 18
1378 24
1379 22
1380 17
1381 18
1382 23
1383 22
1384 23
1385 17
1386 17
1387 22
1388 20
1389 18
1390 24
1391 30
1392 17
1393 20
1394 13
1395 16
1396 21
1397 16
1398 19
1399 8
1400 15
1401 11
1402 19
1403 15
1404 19
1405 20
1406 16
1407 16
1408 10
1409 17
1410 16
1411 15
1412 18
1413 10
1414 25
1415 22
1416 20
1417 15
1418 14
1419 19
1420 12
1421 26
1422 20
1423 17
1424 13
1425 19
1426 23
1427 13
1428 11
1429 14
1430 25
1431 19
1432 14
1433 15
1434 14
1435 26
1436 22
1437 21
1438 22
1439 28
1440 19
1441 28
1442 17
1443 17
1444 20
1445 30
1446 23
1447 25
1448 19
1449 38
1450 31
1451 34
1452 28
1453 28
1454 41
1455 22
1456 30
1457 24
1458 11
1459 12
1460 22
1461 13
1462 12
1463 16
1464 25
1465 9
1466 18
1467 22
1468 19
1469 14
1470 21
1471 19
1472 19
1473 4
1474 8
1475 18
1476 15
1477 16
1478 13
1479 13
1480 13
1481 14
1482 12
1483 17
1484 8
1485 13
1486 17
1487 12
1488 11
1489 19
1490 15
1491 7
1492 12
1493 8
1494 10
1495 12
1496 13
1497 12
1498 9
1499 8
1500 8
1501 10
1502 6
1503 7
1504 12
1505 12
1506 4
1507 8
1508 9
1509 10
1510 7
1511 8
1512 12
1513 12
1514 18
1515 17
1516 9
1517 15
1518 23
1519 19
1520 18
1521 12
1522 12
1523 11
1524 6
1525 19
1526 15
1527 10
1528 15
1529 11
1530 12
1531 14
1532 13
1533 6
1534 10
1535 14
1536 14
1537 16
1538 16
1539 18
1540 12
1541 16
1542 14
1543 12
1544 7
1545 8
1546 4
1547 12
1548 20
1549 15
1550 12
1551 14
1552 9
1553 18
1554 7
1555 13
1556 11
1557 14
1558 9
1559 7
1560 13
1561 12
1562 15
1563 9
1564 13
1565 15
1566 10
1567 10
1568 18
1569 13
1570 15
1571 14
1572 17
1573 7
1574 10
1575 18
1576 16
1577 13
1578 15
1579 11
1580 16
1581 11
1582 19
1583 14
1584 16
1585 15
1586 10
1587 9
1588 13
1589 7
1590 10
1591 11
1592 13
1593 14
1594 13
1595 20
1596 10
1597 12
1598 17
1599 14
1600 9
1601 11
1602 25
1603 7
1604 9
1605 12
1606 14
1607 10
1608 8
1609 13
1610 5
1611 12
1612 11
1613 16
1614 18
1615 17
1616 14
1617 12
1618 10
1619 15
1620 13
1621 16
1622 10
1623 15
1624 18
1625 14
1626 13
1627 15
1628 13
1629 17
1630 14
1631 17
1632 16
1633 12
1634 16
1635 19
1636 9
1637 12
1638 12
1639 10
1640 19
1641 15
1642 12
1643 9
1644 12
1645 19
1646 7
1647 14
1648 13
1649 16
1650 13
1651 12
1652 13
1653 14
1654 17
1655 11
1656 15
1657 17
1658 20
1659 13
1660 21
1661 16
1662 10
1663 12
1664 16
1665 12
1666 7
1667 15
1668 10
1669 15
1670 12
1671 10
1672 11
1673 14
1674 20
1675 12
1676 12
1677 19
1678 11
1679 12
1680 19
1681 5
1682 13
1683 7
1684 5
1685 6
1686 9
1687 21
1688 16
1689 8
1690 14
1691 23
1692 12
1693 8
1694 10
1695 14
1696 12
1697 8
1698 9
1699 11
1700 14
1701 7
1702 11
1703 8
1704 11
1705 7
1706 11
1707 4
1708 6
1709 3
1710 15
1711 10
1712 13
1713 5
1714 14
1715 11
1716 10
1717 14
1718 9
1719 16
1720 17
1721 18
1722 12
1723 11
1724 14
1725 15
1726 11
1727 8
1728 17
1729 19
1730 8
1731 18
1732 16
1733 15
1734 12
1735 13
1736 22
1737 9
1738 13
1739 17
1740 5
1741 20
1742 12
1743 17
1744 6
1745 15
1746 4
1747 21
1748 16
1749 14
1750 14
1751 12
1752 16
1753 21
1754 13
1755 21
1756 20
1757 23
1758 11
1759 13
1760 11
1761 19
1762 16
1763 17
1764 15
1765 17
1766 15
1767 13
1768 17
1769 18
1770 11
1771 17
1772 11
1773 9
1774 12
1775 13
1776 8
1777 10
1778 8
1779 10
1780 10
1781 5
1782 7
1783 4
1784 11
1785 12
1786 13
1787 10
1788 7
1789 8
1790 6
1791 8
1792 7
1793 8
1794 12
1795 4
1796 7
1797 4
1798 8
1799 12
1800 5
1801 8
1802 4
1803 10
1804 1
1805 4
1806 5
1807 2
1808 6
1809 7
1810 7
1811 8
1812 8
1813 8
1814 10
1815 10
1816 3
1817 13
1818 5
1819 7
1820 13
1821 14
1822 9
1823 2
1824 3
1825 5
1826 7
1827 5
1828 8
1829 3
1830 6
1831 8
1832 7
1833 6
1834 7
1835 8
1836 2
1837 1
1838 9
1839 5
1840 4
1841 3
1842 4
1843 3
1844 3
1845 3
1846 1
1847 5
1848 6
1849 3
1851 2
1852 1
1853 9
1854 4
1855 6
1856 4
1857 5
1858 3
1859 5
1860 2
1861 2
1862 3
1863 2
1864 3
1865 5
1866 2
1867 7
1869 1
1870 5
1871 2
1872 6
1873 2
1874 2
1875 2
1876 3
1877 3
1878 3
1879 1
1880 4
1881 3
1882 4
1883 9
1884 4
1885 4
1886 6
1887 7
1888 8
1889 6
1890 7
1891 2
1892 3
1893 2
1894 6
1895 6
1896 7
1897 4
1898 2
1899 8
1900 6
1901 6
1902 6
1903 4
1904 4
1905 7
1906 9
1907 6
1908 8
1909 4
1910 1
1911 4
1912 5
1914 5
1915 2
1916 5
1917 7
1918 2
1919 1
1920 1
1921 2
1922 3
1923 6
1924 8
1925 7
1927 6
1928 4
1929 5
1930 6
1931 4
1932 6
1933 5
1934 6
1935 2
1936 5
1937 7
1938 11
1939 5
1940 4
1941 8
1942 9
1943 6
1944 6
1945 7
1946 3
1947 8
1948 15
1949 10
1950 7
1951 9
1952 7
1953 9
1954 8
1955 5
1956 4
1957 4
1958 12
1959 4
1960 7
1961 6
1962 3
1963 5
1964 7
1965 4
1966 7
1967 7
1968 6
1969 6
1971 1
1972 10
1973 5
1974 4
1975 7
1976 7
1977 5
1978 3
1979 2
1980 3
1981 7
1982 5
1983 3
1984 5
1985 5
1986 7
1987 6
1988 5
1989 9
1990 4
1991 5
1992 3
1993 6
1994 7
1995 10
1996 8
1997 6
1998 4
1999 6
2000 6
2001 9
2002 6
2003 7
2004 2
2005 2
2006 2
2007 2
2008 5
2009 5
2010 2
2011 2
2012 3
2013 3
2014 8
2015 5
2016 2
2017 3
2018 4
2019 4
2020 4
2021 3
2022 2
2023 4
2024 5
2026 5
2027 2
2028 14
2029 4
2030 11
2031 3
2032 4
2033 2
2034 3
2035 5
2036 4
2037 6
2038 6
2039 4
2040 6
2041 3
2042 8
2043 2
2044 5
2045 3
2046 1
2047 2
2048 1
2049 3
2050 1
2052 5
2053 1
2054 7
2055 3
2056 3
2057 3
2058 2
2059 6
2060 3
2061 4
2062 1
2063 1
2064 3
2065 1
2066 2
2067 3
2068 3
2069 2
2070 5
2071 4
2072 4
2073 2
2074 5
2075 4
2076 1
2077 1
2078 3
2080 3
2081 4
2082 2
2083 4
2084 2
2085 4
2086 3
2087 10
2088 2
2089 3
2090 5
2091 1
2092 2
2095 4
2096 1
2097 2
2098 1
2100 3
2101 3
2106 4
2107 1
2108 1
2109 2
2110 2
2111 1
2114 1
2117 3
2118 1
2119 2
2121 4
2122 2
2124 1
2125 1
2126 1
2128 3
2129 1
2130 2
2132 2
2133 3
2134 2
2135 1
2137 1
2144 3
2145 1
2146 1
2147 1
2150 1
2152 4
2154 2
2155 2
2156 1
2157 4
2158 1
2159 2
2160 3
2161 2
2162 2
2163 3
2164 2
2165 1
2166 2
2169 1
2170 4
2172 1
2174 2
2176 1
2177 1
2178 2
2179 1
2180 1
2181 1
2182 1
2183 1
2184 2
2185 2
2189 3
2190 1
2191 4
2192 1
2193 2
2194 1
2195 1
2196 2
2197 3
2198 2
2200 1
2201 3
2202 2
2203 1
2205 1
2206 1
2207 2
2208 3
2209 1
2210 3
2211 1
2212 5
2213 2
2214 10
2215 1
2216 5
2217 3
2218 6
2219 6
2221 3
2222 1
2223 2
2224 1
2225 1
2226 4
2228 1
2230 2
2231 2
2232 4
2233 6
2234 6
2235 5
2236 1
2237 2
2238 3
2239 2
2240 3
2242 1
2243 1
2244 2
2245 1
2246 5
2247 3
2248 4
2249 3
2250 3
2251 3
2252 6
2253 1
2254 4
2255 2
2256 3
2257 1
2259 1
2260 2
2261 1
2262 3
2263 1
2264 1
2265 1
2266 1
2267 1
2268 1
2269 2
2270 6
2271 2
2272 1
2273 7
2274 2
2275 1
2276 1
2277 3
2278 3
2279 3
2280 1
2281 1
2283 1
2284 3
2285 2
2286 2
2287 1
2288 1
2289 1
2290 1
2291 2
2292 2
2293 4
2294 1
2297 2
2298 4
2300 4
2302 3
2303 1
2304 2
2305 1
2306 2
2308 2
2309 4
2310 1
2311 2
2312 1
2313 4
2314 2
2315 3
2316 2
2317 1
2318 4
2319 2
2320 5
2321 4
2322 2
2323 4
2324 4
2326 3
2327 3
2328 1
2329 5
2330 4
2331 5
2332 3
2333 4
2334 1
2335 5
2336 4
2337 2
2338 2
2339 4
2340 3
2341 5
2342 1
2344 3
2346 2
2347 1
2348 1
2349 2
2350 2
2351 1
2352 1
2353 3
2354 2
2355 3
2356 3
2357 6
2358 2
2359 1
2360 1
2361 3
2362 2
2363 5
2366 1
2368 1
2369 1
2370 3
2371 4
2372 1
2373 1
2374 2
2375 4
2376 1
2378 1
2379 1
2381 4
2383 4
2384 3
2385 1
2386 1
2387 1
2388 1
2391 3
2392 3
2393 4
2394 2
2395 1
2396 2
2397 1
2398 1
2399 1
2401 4
2402 3
2404 2
2405 1
2408 1
2409 2
2410 4
2411 3
2412 1
2413 3
2414 2
2415 2
2416 3
2418 8
2419 4
2420 1
2421 2
2422 2
2423 2
2424 1
2425 2
2426 2
2427 4
2428 4
2429 2
2430 1
2431 1
2432 4
2433 5
2434 1
2435 4
2436 2
2437 2
2438 1
2439 1
2440 3
2441 1
2442 6
2443 5
2444 3
2445 3
2446 1
2447 3
2448 2
2449 2
2450 3
2451 2
2452 2
2453 1
2455 2
2456 3
2457 1
2458 3
2459 3
2461 1
2462 2
2463 2
2464 1
2466 1
2467 3
2468 4
2470 6
2471 1
2472 3
2473 1
2474 3
2475 2
2476 4
2477 4
2478 1
2479 4
2480 5
2481 3
2482 2
2483 2
2484 1
2485 1
2486 3
2487 4
2488 2
2489 3
2490 6
2491 2
2493 2
2494 3
2495 3
2496 4
2497 1
2498 1
2500 2
2501 2
2502 1
2503 2
2504 1
2505 3
2506 1
2507 2
2508 2
2509 2
2510 1
2511 3
2512 1
2513 4
2515 3
2516 5
2517 2
2518 5
2519 2
2520 6
2521 2
2522 2
2524 3
2525 3
2526 5
2527 2
2528 1
2529 5
2530 5
2531 4
2532 2
2533 3
2534 2
2535 4
2536 1
2538 1
2539 3
2541 6
2542 2
2543 3
2544 2
2545 1
2546 1
2547 7
2548 4
2549 2
2550 1
2551 2
2552 1
2553 1
2554 4
2555 2
2556 3
2557 2
2558 1
2559 1
2560 5
2561 1
2562 3
2564 2
2565 4
2566 4
2567 3
2568 8
2569 3
2570 5
2571 5
2572 2
2573 1
2574 5
2575 4
2576 2
2577 2
2578 1
2579 4
2580 2
2581 3
2583 1
2584 2
2585 4
2587 2
2588 3
2589 2
2590 2
2591 2
2592 3
2593 2
2595 1
2596 2
2597 2
2598 1
2600 3
2601 1
2602 3
2604 3
2605 2
2606 6
2607 3
2608 1
2610 1
2611 1
2612 3
2613 1
2614 2
2617 2
2618 6
2620 4
2622 3
2623 1
2624 2
2625 3
2626 4
2627 1
2628 3
2629 1
2630 2
2631 1
2632 2
2633 4
2634 3
2635 1
2636 2
2637 1
2638 1
2639 1
2640 2
2641 2
2643 3
2644 4
2645 1
2646 3
2647 2
2648 2
2649 3
2650 1
2651 3
2652 1
2654 1
2655 5
2656 2
2657 4
2658 3
2659 3
2660 4
2661 1
2662 2
2663 2
2664 1
2665 1
2666 2
2668 4
2669 1
2670 3
2671 3
2672 2
2673 2
2674 1
2675 3
2676 1
2678 2
2681 1
2682 3
2683 1
2684 4
2685 2
2688 1
2689 2
2691 2
2692 2
2693 1
2695 1
2698 7
2699 4
2700 2
2701 2
2702 2
2703 2
2704 1
2705 3
2706 3
2707 1
2708 1
2709 1
2710 5
2711 1
2712 2
2713 1
2714 1
2715 3
2716 1
2717 2
2719 1
2722 1
2723 1
2724 2
2725 1
2726 1
2727 1
2728 1
2730 2
2733 1
2734 2
2735 2
2736 4
2737 1
2738 1
2739 3
2741 1
2742 2
2743 3
2744 4
2745 3
2746 3
2747 2
2748 4
2749 1
2750 3
2752 6
2754 1
2755 3
2756 1
2757 1
2758 4
2760 3
2761 1
2763 1
2764 5
2765 3
2766 2
2767 1
2769 2
2770 2
2771 3
2773 2
2774 4
2775 3
2778 4
2779 1
2781 1
2783 2
2784 3
2786 2
2787 1
2789 5
2790 6
2791 1
2792 1
2793 2
2794 4
2796 2
2797 1
2798 1
2799 3
2800 1
2801 6
2802 3
2803 1
2804 3
2805 1
2806 3
2807 5
2808 4
2809 2
2810 1
2811 2
2812 3
2813 1
2814 2
2815 4
2816 1
2817 1
2819 1
2820 6
2822 2
2823 3
2824 1
2826 4
2827 2
2828 2
2829 1
2830 2
2831 2
2832 1
2833 1
2834 2
2835 1
2837 1
2838 3
2839 1
2840 1
2841 5
2842 6
2843 7
2844 1
2845 3
2846 1
2848 4
2849 1
2850 3
2851 1
2852 2
2853 6
2854 5
2855 1
2856 4
2857 1
2858 5
2859 2
2860 1
2861 2
2862 3
2863 2
2864 5
2865 3
2866 5
2867 4
2868 6
2869 3
2870 4
2871 5
2872 5
2873 3
2874 4
2875 4
2876 2
2877 4
2878 2
2879 2
2880 2
2881 4
2882 2
2883 1
2885 4
2886 7
2887 1
2889 5
2890 7
2891 10
2892 4
2893 9
2894 4
2895 2
2896 5
2897 4
2898 6
2899 6
2900 4
2901 6
2902 2
2903 5
2904 2
2905 4
2906 3
2907 1
2908 2
2909 4
2910 5
2911 1
2912 3
2913 1
2914 1
2915 1
2916 5
2917 3
2918 1
2920 4
2921 5
2922 2
2923 1
2924 3
2925 3
2926 3
2928 1
2929 2
2930 2
2931 1
2933 2
2934 2
2938 5
2939 3
2940 1
2941 2
2943 1
2944 3
2945 4
2946 3
2947 1
2948 2
2949 4
2950 2
2951 4
2952 1
2953 1
2955 2
2956 2
2957 1
2958 1
2959 3
2962 3
2963 3
2964 1
2965 1
2966 1
2968 4
2969 1
2970 1
2971 1
2972 3
2973 1
2974 3
2975 2
2976 2
2977 3
2978 6
2979 6
2980 4
2981 2
2982 5
2983 1
2984 5
2985 4
2986 10
2987 3
2988 5
2989 3
2990 3
2991 3
2992 4
2993 2
2994 3
2995 4
2996 6
2997 2
2998 4
2999 3
3000 2
3001 2
3002 5
3003 1
3004 3
3005 3
3006 1
3007 1
3008 1
3009 9
3010 2
3011 4
3012 4
3013 6
3014 4
3015 4
3016 4
3017 5
3018 4
3019 2
3020 6
3021 7
3022 2
3023 2
3024 1
3026 3
3027 4
3028 6
3029 1
3030 4
3031 6
3032 3
3033 4
3034 4
3035 7
3036 4
3037 8
3038 5
3039 8
3040 3
3041 2
3042 7
3043 5
3044 5
3045 2
3046 3
3047 2
3048 3
3049 1
3050 6
3051 4
3052 2
3053 3
3054 4
3055 4
3056 4
3057 4
3058 4
3059 2
3060 3
3061 3
3062 3
3063 4
3064 2
3065 2
3067 2
3068 2
3069 2
3070 1
3071 3
3072 5
3073 3
3075 5
3076 2
3077 3
3078 6
3079 5
3080 3
3081 5
3082 2
3083 3
3084 5
3085 1
3086 3
3087 6
3088 2
3089 2
3090 7
3093 7
3094 2
3095 2
3096 3
3097 1
3098 1
3099 1
3100 2
3101 3
3102 4
3103 2
3104 3
3105 1
3106 2
3108 3
3110 2
3112 3
3114 1
3115 3
3116 1
3117 2
3118 2
3119 1
3122 1
3123 1
3124 2
3125 1
3127 3
3128 2
3129 1
3130 4
3131 1
3132 4
3133 1
3134 2
3135 2
3136 2
3137 2
3138 2
3139 3
3140 1
3141 2
3142 3
3143 1
3144 1
3145 7
3146 2
3147 3
3148 2
3149 1
3150 3
3151 3
3152 4
3153 1
3154 3
3155 2
3156 2
3157 1
3158 3
3159 2
3160 1
3161 4
3162 2
3163 3
3164 4
3165 1
3166 2
3167 1
3169 2
3170 3
3171 4
3172 1
3173 3
3174 1
3175 1
3176 1
3178 1
3179 2
3180 4
3181 1
3182 2
3183 3
3184 2
3185 2
3187 3
3188 7
3189 3
3190 2
3191 4
3192 3
3193 3
3194 3
3195 9
3196 3
3197 2
3198 3
3199 2
3200 4
3201 5
3202 6
3203 5
3204 2
3205 5
3207 1
3208 2
3209 2
3210 5
3211 4
3212 1
3213 2
3214 4
3215 1
3216 4
3217 1
3218 3
3219 2
3220 4
3221 3
3222 1
3223 2
3224 2
3225 7
3226 4
3227 4
3228 2
3229 6
3230 1
3231 3
3232 5
3233 3
3234 3
3235 3
3236 2
3237 6
3238 5
3239 3
3240 4
3241 4
3242 2
3243 2
3245 2
3247 3
3248 2
3249 3
3250 4
3251 2
3252 1
3253 6
3255 2
3256 2
3258 2
3259 3
3260 3
3261 3
3262 4
3263 4
3264 1
3265 4
3266 4
3267 3
3268 2
3269 1
3270 3
3271 3
3272 3
3273 3
3274 2
3277 1
3278 1
3279 3
3280 3
3281 1
3282 5
3283 5
3284 4
3285 2
3286 3
3287 1
3288 2
3289 4
3290 2
3291 3
3292 2
3293 3
3294 3
3295 1
3296 3
3297 5
3298 4
3299 5
3300 8
3301 1
3302 1
3304 3
3305 4
3308 1
3309 3
3310 1
3311 3
3312 2
3313 2
3314 1
3315 2
3316 4
3317 1
3318 5
3319 1
3321 2
3322 2
3325 1
3326 1
3327 1
3329 2
3330 2
3331 2
3332 3
3333 1
3334 1
3336 3
3338 4
3339 2
3340 2
3341 3
3342 1
3343 1
3344 3
3345 1
3347 3
3348 7
3349 4
3350 2
3351 4
3352 3
3353 3
3354 2
3355 2
3356 1
3357 3
3358 1
3359 4
3361 2
3363 1
3364 3
3365 2
3366 5
3367 6
3368 3
3369 4
3370 5
3371 1
3372 4
3373 2
3374 2
3375 2
3377 2
3378 4
3379 6
3380 4
3381 2
3382 5
3383 2
3384 6
3385 2
3386 2
3388 3
3389 4
3390 2
3391 2
3392 3
3393 2
3394 2
3395 2
3396 2
3397 2
3398 4
3399 2
3400 3
3401 2
3402 1
3403 4
3404 4
3405 6
3406 4
3407 1
3408 2
3409 2
3410 3
3411 3
3412 5
3413 3
3414 3
3415 1
3416 2
3417 1
3418 3
3419 4
3421 3
3422 5
3423 3
3424 4
3425 5
3426 5
3427 3
3428 1
3429 2
3430 2
3431 2
3432 1
3433 4
3434 4
3435 1
3436 2
3437 3
3438 3
3439 4
3440 2
3441 2
3442 7
3443 1
3444 3
3445 1
3446 1
3447 2
3448 3
3449 2
3450 3
3452 5
3453 4
3454 6
3455 6
3456 2
3457 4
3458 3
3459 2
3461 6
3462 6
3463 4
3464 4
3465 2
3466 2
3467 1
3471 1
3472 2
3473 1
3474 1
3475 2
3476 2
3477 2
3478 1
3479 4
3480 3
3481 2
3483 5
3484 1
3485 4
3486 1
3487 1
3488 1
3489 2
3490 1
3491 2
3492 4
3493 2
3494 2
3495 1
3496 3
3497 2
3498 2
3499 5
3500 1
3501 2
3502 3
3503 5
3504 2
3505 3
3506 4
3507 1
3508 3
3509 2
3510 2
3511 4
3512 1
3513 4
3514 3
3515 2
3516 5
3517 4
3518 4
3519 3
3520 6
3521 2
3522 5
3523 4
3524 4
3525 5
3526 2
3527 3
3529 4
3530 3
3531 3
3532 4
3533 4
3534 4
3535 1
3536 2
3537 6
3538 4
3539 2
3540 7
3541 4
3542 4
3543 3
3544 5
3545 4
3546 6
3547 3
3548 3
3549 1
3550 1
3551 3
3552 1
3553 7
3554 4
3555 5
3557 3
3558 5
3559 6
3560 4
3561 2
3562 2
3563 1
3564 1
3565 5
3566 2
3567 2
3568 1
3569 2
3570 3
3571 3
3572 5
3573 3
3574 3
3575 3
3576 4
3577 4
3578 4
3579 4
3580 1
3583 1
3584 2
3585 2
3586 1
3587 1
3588 1
3589 1
3590 4
3591 1
3592 5
3593 2
3594 3
3595 3
3596 2
3597 3
3598 3
3599 4
3600 2
3601 3
3603 5
3604 5
3605 5
3606 1
3607 5
3608 3
3609 3
3610 1
3611 2
3613 3
3614 3
3615 4
3616 3
3617 3
3618 3
3619 2
3620 6
3621 4
3622 4
3623 2
3624 4
3625 6
3626 4
3627 7
3628 1
3629 3
3630 1
3631 2
3632 4
3633 1
3634 1
3635 1
3636 3
3637 2
3638 3
3639 2
3640 1
3641 4
3642 3
3643 1
3644 2
3645 3
3646 1
3647 5
3648 1
3649 2
3650 1
3651 2
3652 4
3653 1
3654 5
3655 4
3656 1
3657 1
3658 1
3659 1
3660 2
3661 2
3662 1
3663 3
3664 3
3666 2
3667 1
3668 1
3669 6
3670 4
3671 2
3672 5
3673 2
3674 4
3675 1
3676 1
3678 7
3679 5
3680 1
3681 2
3682 3
3683 2
3684 2
3685 6
3686 2
3687 3
3688 7
3689 3
3690 6
3691 4
3692 3
3693 4
3694 1
3695 2
3696 3
3697 5
3698 4
3699 3
3700 9
3701 3
3702 2
3703 2
3704 3
3705 2
3706 2
3707 4
3709 2
3710 4
3711 6
3712 3
3713 4
3714 4
3715 6
3716 4
3717 8
3718 3
3719 3
3720 2
3721 4
3722 2
3723 4
3724 4
3726 2
3727 1
3728 3
3729 4
3730 6
3731 3
3732 9
3733 3
3735 2
3736 4
3737 2
3738 1
3740 4
3741 4
3742 2
3743 2
3744 4
3745 7
3746 6
3747 6
3748 4
3749 2
3750 3
3751 3
3752 3
3753 4
3754 5
3755 5
3756 2
3757 2
3758 6
3759 3
3760 4
3761 6
3762 6
3763 3
3764 8
3765 6
3766 5
3767 4
3768 3
3770 2
3771 3
3772 7
3773 2
3774 5
3775 2
3776 5
3777 6
3778 3
3779 5
3780 4
3781 4
3782 7
3783 6
3784 4
3785 3
3786 3
3787 4
3788 6
3789 1
3790 2
3791 1
3792 4
3793 2
3794 5
3795 2
3796 4
3797 3
3798 1
3799 2
3800 3
3801 3
3802 1
3804 1
3805 2
3806 3
3807 4
3808 1
3809 3
3810 6
3811 4
3812 2
3813 2
3814 2
3815 5
3816 1
3817 3
3818 1
3819 6
3820 4
3821 3
3822 4
3823 3
3824 3
3825 2
3826 1
3827 2
3828 2
3829 2
3830 1
3831 1
3833 1
3834 2
3835 2
3836 3
3837 1
3838 5
3839 3
3841 1
3842 2
3843 1
3844 2
3845 7
3846 5
3847 2
3848 4
3849 1
3850 4
3851 3
3852 3
3853 5
3854 6
3855 5
3856 5
3857 3
3858 1
3859 4
3860 3
3862 3
3863 3
3864 2
3866 3
3867 5
3868 4
3869 7
3870 4
3871 5
3872 4
3873 2
3874 2
3875 6
3876 1
3877 3
3878 2
3880 2
3881 3
3882 2
3883 4
3884 4
3885 3
3886 2
3887 2
3888 5
3889 3
3890 4
3891 2
3892 4
3894 5
3895 5
3896 3
3897 2
3898 3
3899 2
3901 2
3905 3
3906 3
3907 3
3909 3
3910 7
3911 2
3912 4
3913 2
3914 1
3915 1
3916 2
3917 2
3918 2
3920 1
3921 1
3922 3
3923 1
3924 2
3925 3
3927 1
3928 1
3930 3
3931 1
3932 3
3933 1
3934 2
3936 1
3937 2
3938 2
3939 1
3940 1
3941 1
3942 1
3943 1
3944 1
3945 5
3946 3
3948 1
3949 1
3950 1
3951 1
3952 1
3954 1
3955 1
3956 3
3957 1
3958 2
3959 2
3960 2
3961 2
3962 2
3963 3
3964 1
3967 3
3968 1
3970 2
3972 1
3973 1
3974 2
3975 3
3977 1
3981 2
3982 1
3983 1
3985 1
3986 2
3988 1
3989 1
3992 1
3993 2
3996 1
3997 3
3998 2
4003 3
4004 1
4008 3
4011 2
4012 1
4013 1
4015 2
4017 3
4018 1
4021 1
4022 1
4023 2
4024 2
4028 1
4029 4
4030 3
4031 1
4032 2
4033 3
4034 1
4035 1
4036 1
4037 1
4038 1
4040 1
4041 2
4042 1
4043 1
4044 1
4046 1
4048 5
4050 2
4052 1
4053 3
4055 2
4056 1
4058 4
4059 1
4060 4
4062 3
4063 4
4064 2
4065 1
4066 1
4067 1
4068 1
4069 1
4074 1
4077 1
4078 1
4080 2
4081 1
4082 3
4083 1
4084 1
4085 1
4086 1
4087 1
4088 1
4089 1
4091 1
4092 1
4093 1
4094 1
4096 1
4097 2
4098 1
4099 1
4100 3
4101 1
4102 3
4104 1
4108 4
4109 1
4111 4
4112 2
4113 1
4115 2
4116 1
4117 1
4118 1
4119 1
4120 2
4121 1
4123 2
4124 2
4125 2
4127 1
4129 1
4130 3
4131 1
4133 2
4136 3
4137 2
4138 2
4139 1
4140 2
4142 2
4143 2
4144 3
4145 1
4146 2
4147 4
4148 1
4150 3
4151 2
4152 2
4153 2
4154 3
4155 2
4156 1
4157 1
4158 1
4159 3
4160 1
4161 1
4162 2
4163 2
4164 5
4166 1
4167 2
4168 3
4169 1
4170 1
4172 2
4174 1
4176 1
4177 3
4178 1
4180 1
4181 2
4182 1
4183 1
4185 2
4186 2
4187 1
4188 2
4189 3
4193 2
4194 1
4195 1
4196 1
4198 1
4199 2
4200 2
4201 1
4204 1
4205 2
4207 1
4208 2
4209 2
4210 2
4211 1
4213 2
4215 2
4216 3
4217 1
4218 1
4220 1
4221 1
4222 1
4224 1
4227 1
4228 1
4230 1
4233 1
4236 2
4237 1
4238 2
4239 1
4241 2
4242 1
4244 1
4245 1
4247 2
4248 1
4250 2
4252 1
4254 2
4255 1
4256 1
4257 1
4258 1
4259 1
4260 1
4261 3
4262 2
4263 5
4264 2
4265 3
4266 1
4267 4
4268 3
4269 1
4270 2
4271 2
4272 1
4273 2
4274 4
4275 2
4277 5
4279 3
4280 2
4281 1
4282 4
4283 1
4284 3
4285 2
4286 2
4287 1
4288 6
4289 2
4290 2
4291 1
4292 2
4293 2
4294 4
4295 1
4296 3
4297 1
4298 1
4300 1
4301 3
4304 1
4305 1
4306 2
4307 4
4309 7
4310 1
4311 2
4312 1
4313 1
4315 1
4316 4
4317 3
4319 1
4320 2
4322 5
4324 3
4325 1
4326 4
4327 4
4328 2
4329 2
4330 4
4331 1
4332 1
4333 2
4334 3
4335 1
4336 2
4337 2
4338 3
4339 5
4340 2
4341 1
4343 6
4344 3
4345 2
4346 1
4347 1
4348 1
4349 1
4350 4
4352 2
4353 4
4355 2
4356 1
4357 1
4358 2
4359 1
4360 3
4363 3
4364 1
4365 4
4369 2
4370 2
4371 1
4372 2
4373 1
4374 2
4375 2
4376 1
4378 1
4379 3
4380 1
4381 5
4382 3
4383 4
4384 3
4385 4
4386 1
4387 2
4388 1
4389 2
4391 1
4392 1
4394 2
4395 1
4396 1
4397 3
4399 2
4400 1
4402 1
4404 1
4406 2
4407 1
4408 1
4410 1
4412 1
4413 1
4414 1
4415 2
4416 2
4417 2
4418 3
4419 1
4420 1
4421 2
4422 1
4423 2
4424 2
4426 4
4429 3
4430 3
4431 1
4432 2
4433 2
4434 1
4435 1
4436 3
4437 3
4438 3
4439 2
4440 1
4442 2
4444 3
4445 2
4446 1
4447 2
4448 2
4449 5
4450 3
4451 3
4452 6
4454 3
4456 1
4457 2
4458 2
4459 5
4460 2
4461 2
4462 2
4463 2
4464 2
4465 2
4466 2
4467 2
4468 2
4469 3
4470 4
4472 1
4473 3
4475 2
4476 4
4477 1
4478 1
4480 1
4482 1
4484 2
4485 2
4487 2
4489 2
4490 3
4491 1
4492 1
4494 1
4496 1
4497 1
4501 3
4502 1
4503 3
4504 3
4505 2
4507 1
4509 1
4511 1
4512 2
4513 1
4514 3
4515 2
4516 3
4517 1
4519 3
4520 1
4521 1
4522 5
4523 1
4524 2
4525 1
4526 1
4530 1
4531 3
4533 1
4534 3
4536 1
4537 1
4538 3
4539 2
4540 2
4542 3
4543 2
4544 3
4545 2
4546 3
4547 1
4548 1
4549 1
4550 1
4551 2
4552 1
4553 1
4555 2
4559 2
4561 1
4562 2
4563 1
4564 4
4565 2
4566 4
4568 4
4569 1
4571 2
4572 4
4573 1
4574 4
4576 2
4579 1
4580 3
4581 1
4582 3
4583 1
4584 2
4585 1
4586 1
4588 1
4589 2
4590 2
4591 1
4592 1
4593 1
4594 3
4596 1
4598 1
4599 2
4600 1
4601 1
4602 4
4604 1
4605 4
4606 3
4607 2
4608 2
4609 2
4611 1
4613 1
4614 1
4615 1
4616 1
4617 1
4618 1
4619 5
4620 2
4621 1
4622 6
4623 2
4624 1
4625 1
4627 4
4628 2
4629 3
4630 1
4632 4
4633 1
4635 4
4637 1
4639 1
4640 2
4641 2
4642 3
4643 3
4644 1
4645 2
4647 4
4649 2
4650 2
4651 5
4653 3
4654 1
4655 2
4656 1
4657 1
4658 2
4659 3
4661 2
4662 1
4663 2
4664 1
4665 2
4666 4
4667 1
4668 3
4669 3
4670 3
4671 3
4672 2
4673 3
4674 1
4675 1
4676 4
4677 1
4678 3
4680 1
4681 1
4682 4
4683 2
4684 1
4685 1
4687 2
4688 3
4689 1
4690 1
4691 2
4692 1
4694 3
4695 4
4696 2
4697 1
4699 1
4700 1
4701 1
4702 1
4703 2
4704 1
4705 2
4706 2
4707 1
4708 1
4709 2
4710 3
4711 1
4712 1
4713 1
4714 1
4715 2
4717 1
4719 2
4720 1
4721 1
4722 2
4723 4
4725 1
4726 3
4728 3
4729 3
4730 2
4731 2
4732 1
4733 1
4735 1
4736 1
4737 4
4738 1
4739 2
4742 2
4743 1
4744 3
4745 1
4746 2
4748 2
4749 1
4750 3
4751 1
4752 2
4754 1
4755 1
4756 1
4758 2
4761 4
4762 1
4765 1
4768 4
4769 1
4772 2
4773 1
4774 1
4775 3
4776 4
4777 2
4778 1
4779 1
4780 3
4781 1
4782 1
4783 2
4784 2
4785 3
4786 2
4787 2
4788 3
4789 1
4791 1
4792 1
4793 2
4794 2
4795 3
4796 1
4797 2
4798 3
4799 1
4800 1
4801 1
4802 1
4803 2
4804 2
4805 3
4806 3
4807 1
4808 2
4809 4
4810 1
4811 1
4812 2
4815 1
4816 2
4817 1
4818 3
4820 2
4821 3
4824 5
4825 1
4826 2
4827 1
4828 2
4829 2
4830 3
4831 2
4832 1
4834 3
4835 6
4836 2
4837 2
4838 1
4840 3
4845 2
4847 2
4848 2
4849 4
4850 2
4851 3
4852 2
4854 1
4855 3
4857 1
4858 3
4859 4
4861 3
4862 4
4863 2
4865 2
4866 5
4867 4
4868 1
4869 1
4870 2
4871 1
4872 1
4873 2
4874 5
4875 2
4876 2
4877 1
4878 4
4879 1
4880 2
4881 4
4882 4
4883 2
4884 1
4885 1
4886 3
4887 1
4888 3
4889 6
4890 1
4891 4
4892 4
4893 1
4894 2
4895 6
4896 5
4897 3
4898 1
4899 6
4900 4
4901 3
4902 3
4904 5
4906 5
4907 3
4908 4
4909 7
4910 2
4911 1
4912 4
4913 1
4914 3
4915 5
4916 3
4917 2
4918 2
4919 4
4920 5
4921 1
4922 2
4923 4
4924 3
4925 1
4926 1
4927 3
4928 4
4929 2
4930 2
4931 3
4932 2
4933 3
4934 7
4935 5
4936 1
4937 2
4938 4
4939 2
4940 2
4941 3
4943 2
4944 4
4945 2
4946 1
4947 1
4949 3
4950 4
4951 3
4952 5
4953 4
4954 2
4956 3
4957 4
4958 1
4959 4
4960 2
4961 2
4962 1
4963 3
4964 2
4965 3
4966 3
4967 2
4968 1
4969 4
4970 3
4971 1
4972 2
4973 4
4974 4
4975 5
4976 4
4977 4
4978 2
4979 4
4980 5
4981 3
4982 5
4983 3
4984 1
4985 1
4986 4
4987 1
4988 4
4989 3
4990 1
4991 2
4992 1
4993 1
4994 4
4995 3
4996 5
4997 3
4998 2
4999 2
5001 1
5002 2
5003 1
5004 1
5005 1
5006 1
5007 1
5008 6
5009 3
5010 2
5011 1
5012 7
5013 3
5014 5
5015 4
5016 4
5017 3
5018 3
5020 3
5021 4
5022 1
5023 2
5024 4
5025 3
5026 1
5027 3
5028 1
5029 1
5030 3
5031 1
5032 1
5033 1
5034 5
5035 3
5036 5
5038 6
5039 1
5040 2
5041 2
5042 3
5043 1
5044 5
5045 4
5046 5
5047 4
5048 3
5049 6
5050 3
5051 4
5052 2
5053 3
5054 2
5055 2
5056 2
5057 5
5058 3
5059 1
5060 2
5061 3
5062 3
5063 5
5064 1
5065 2
5066 4
5067 4
5068 3
5069 6
5070 5
5071 5
5072 1
5073 2
5075 4
5076 8
5077 6
5078 1
5080 2
5081 2
5082 4
5083 1
5084 4
5085 3
5086 2
5087 5
5088 1
5089 5
5090 1
5091 3
5092 4
5093 5
5094 1
5095 7
5096 5
5097 3
5098 2
5099 3
5100 2
5101 1
5102 4
5103 4
5104 3
5105 2
5106 3
5107 2
5108 2
5109 1
5110 1
5111 1
5112 2
5113 1
5114 2
5115 2
5116 3
5117 2
5118 2
5119 2
5120 2
5121 2
5122 2
5123 2
5124 4
5125 2
5126 1
5127 1
5128 2
5129 2
5130 1
5131 3
5132 3
5133 1
5134 2
5135 3
5136 3
5137 3
5138 1
5139 1
5141 2
5142 2
5143 2
5144 1
5145 2
5147 2
5148 3
5149 3
5151 3
5154 1
5155 2
5156 1
5157 2
5158 1
5159 4
5160 3
5161 1
5163 1
5164 3
5165 1
5166 1
5167 3
5168 1
5170 2
5171 3
5172 2
5174 2
5175 3
5176 4
5177 3
5178 3
5179 3
5180 2
5181 4
5182 5
5183 1
5184 2
5185 1
5186 3
5187 3
5188 2
5189 6
5190 2
5191 2
5192 2
5193 9
5194 2
5195 5
5196 3
5197 3
5198 4
5199 3
5200 5
5201 3
5202 2
5203 6
5204 4
5205 2
5206 1
5207 6
5208 2
5209 3
5210 4
5211 3
5212 1
5213 2
5214 1
5215 3
5216 1
5217 1
5218 2
5219 3
5222 2
5223 2
5224 2
5225 2
5226 6
5227 3
5228 2
5229 1
5230 4
5232 1
5233 1
5234 1
5235 1
5236 1
5239 1
5240 4
5241 2
5242 2
5243 1
5244 1
5245 1
5246 2
5249 3
5250 2
5251 1
5252 1
5253 2
5254 2
5255 3
5257 2
5258 1
5260 3
5261 1
5263 2
5264 2
5265 1
5266 2
5267 3
5268 2
5269 1
5271 1
5272 1
5274 2
5275 1
5276 2
5278 2
5281 2
5282 1
5283 4
5285 1
5286 5
5288 1
5290 3
5291 2
5292 3
5293 2
5294 3
5297 2
5299 1
5300 1
5301 3
5302 1
5304 2
5305 2
5306 1
5310 3
5312 2
5314 1
5315 2
5316 2
5317 1
5318 2
5319 2
5321 4
5322 1
5323 3
5324 1
5325 6
5326 2
5327 2
5328 1
5330 1
5332 1
5334 2
5336 1
5337 1
5341 1
5342 1
5349 1
5352 1
5353 1
5354 1
5356 3
5357 3
5358 3
5362 2
5363 1
5364 3
5366 1
5368 1
5369 1
5371 1
5372 1
5374 2
5376 1
5377 1
5378 1
5379 2
5381 2
5382 3
5387 2
5388 1
5389 1
5392 1
5393 1
5395 2
5398 2
5399 1
5400 1
5401 1
5402 1
5404 1
5405 1
5406 1
5408 2
5409 2
5410 1
5411 1
5412 3
5413 1
5414 3
5416 3
5418 1
5419 2
5420 4
5421 1
5423 2
5425 1
5426 1
5427 1
5428 3
5429 1
5430 1
5433 1
5436 2
5437 3
5438 1
5439 1
5440 3
5442 2
5443 3
5444 2
5445 2
5447 2
5448 2
5451 2
5452 3
5456 3
5458 2
5459 1
5460 4
5462 1
5463 3
5464 1
5465 2
5466 1
5467 1
5468 1
5469 3
5470 4
5472 1
5473 1
5474 1
5475 3
5476 2
5478 1
5481 1
5482 1
5483 1
5485 1
5486 1
5487 1
5489 1
5490 1
5500 1
5501 1
5502 1
5505 1
5507 2
5508 1
5509 1
5512 1
5514 1
5518 2
5519 1
5520 3
5521 1
5523 1
5525 2
5528 1
5535 1
5538 1
5540 1
5542 1
5544 1
5546 1
5548 2
5549 1
5550 1
5552 1
5555 1
5557 1
5559 2
5562 2
5563 1
5568 3
5569 1
5570 1
5579 1
5582 1
5583 1
5586 1
5589 1
5591 1
5599 1
5601 1
5604 1
5605 2
5609 1
5612 3
5614 2
5615 1
5616 1
5618 1
5620 3
5622 3
5623 2
5624 2
5626 1
5627 1
5628 1
5629 1
5630 1
5632 1
5639 1
5641 1
5643 1
5644 1
5645 1
5647 2
5649 1
5650 2
5653 2
5658 1
5659 1
5663 2
5668 1
5673 1
5678 1
5681 2
5684 1
5685 1
5687 2
5690 2
5696 1
5698 2
5705 2
5707 1
5709 1
5710 1
5715 2
5716 1
5719 2
5721 1
5723 1
5726 1
5727 1
5735 1
5739 1
5740 2
5741 1
5743 1
5745 1
5750 1
5751 2
5753 2
5759 1
5760 2
5761 2
5764 3
5766 2
5768 1
5770 2
5772 1
5773 1
5776 1
5777 1
5778 2
5779 1
5782 1
5784 1
5785 1
5787 2
5788 1
5792 4
5793 1
5797 1
5801 2
5804 2
5805 1
5807 2
5809 2
5812 1
5814 1
5818 1
5820 1
5823 1
5830 1
5837 3
5839 1
5840 2
5844 1
5847 1
5848 1
5855 1
5857 1
5859 1
5860 1
5863 1
5870 1
5874 1
5878 3
5880 2
5882 3
5884 1
5886 1
5887 2
5890 2
5891 1
5892 1
5895 1
5898 1
5902 3
5904 2
5906 1
5907 1
5910 1
5911 2
5912 2
5914 3
5916 1
5918 1
5919 1
5920 1
5921 1
5927 2
5940 1
5944 1
5949 1
5954 1
5955 1
5965 1
5973 1
5977 1
5979 1
5980 1
5982 1
5983 1
5984 1
5985 1
5989 1
5990 1
5991 1
5995 1
5996 1
5998 1
5999 1
6002 1
6003 1
6004 1
6007 1
6009 1
6012 1
6013 2
6014 2
6017 2
6019 1
6022 1
6023 2
6024 2
6025 1
6026 1
6028 1
6029 1
6030 2
6031 1
6032 1
6033 1
6037 2
6042 1
6045 2
6046 1
6052 1
6056 1
6063 1
6064 1
6068 1
6069 1
6071 1
6072 1
6073 1
6074 1
6075 1
6076 1
6078 2
6079 1
6080 1
6081 1
6084 1
6100 2
6101 1
6117 2
6119 1
6120 1
6122 1
6123 3
6132 1
6133 2
6139 1
6140 1
6141 1
6144 1
6146 1
6154 2
6162 1
6175 1
6176 1
6178 1
6184 2
6192 1
6194 1
6200 2
6201 1
6203 1
6205 1
6206 1
6207 1
6209 1
6212 1
6213 1
6216 1
6217 2
6223 1
6226 1
6231 1
6234 1
6235 3
6237 1
6238 1
6240 1
6244 1
6250 1
6252 2
6255 1
6257 2
6258 2
6260 1
6261 1
6262 1
6267 1
6270 1
6275 2
6279 1
6281 1
6285 1
6289 1
6292 1
6294 1
6295 1
6298 1
6299 1
6304 1
6305 1
6307 2
6314 1
6315 1
6319 1
6323 2
6326 1
6328 1
6331 2
6332 2
6334 1
6338 1
6345 1
6349 1
6350 2
6363 1
6366 1
6373 1
6380 1
6383 1
6390 2
6391 1
6400 1
6401 2
6405 1
6408 1
6411 1
6414 1
6415 1
6419 1
6427 1
6437 1
6440 1
6443 1
6446 1
6447 1
6448 1
6450 1
6452 2
6454 1
6459 1
6460 1
6463 1
6475 1
6477 2
6485 1
6490 1
6498 1
6501 1
6508 1
6510 1
6512 1
6516 1
6521 1
6528 1
6532 1
6541 1
6545 1
6548 1
6555 2
6564 1
6580 1
6581 1
6586 1
6599 1
6606 1
6622 1
6640 1
6650 1
6663 1
6671 1
6672 1
6674 1
6679 1
6683 1
6697 1
6719 1
6747 1
6752 1
6761 1
6768 1
6770 1
6800 1
6819 1
6829 1
6860 1
6863 1
6895 1
6906 1
6948 1
6954 1
6980 1
6983 2
6998 1
7006 1
7007 1
7008 1
7011 2
7012 1
7014 1
7016 1
7021 2
7022 1
7030 1
7032 1
7042 2
7051 1
7068 1
7074 1
7084 2
7110 1
7136 1
7187 1
7197 1
7206 1
7224 1
7243 1
7334 1
7417 1
7444 1
7456 1
7466 1
7470 1
7480 1
7498 1
7502 1
7524 1
7556 1
7557 1
7575 1
7581 1
7586 1
7589 1
7601 1
7644 1
7651 1
7653 1
7654 1
7672 1
7675 1
7708 1
7731 1
7737 1
7835 1
7849 1
7894 1
7992 1
8048 1
8059 1
8072 1
8128 1
8143 1
8145 1
8154 1
8155 1
8158 1
8160 1
8180 1
8183 1
8186 1
8192 1
8193 1
8195 1
8196 1
8259 1
8279 1
8292 1
8294 1
8371 1
8379 1
8397 1
8437 1
8463 1
8474 1
8481 1
8509 1
8513 1
8518 1
8521 1
8544 1
8556 1
8576 1
8587 1
8592 1
8611 1
8650 1
8656 1
8658 1
8675 1
8733 1
8777 1
8807 1
8872 1
8876 1
8889 1
8909 1
8910 1
8912 2
8919 1
8924 1
8927 1
8933 1
8940 1
8951 1
8956 1
8959 1
8966 1
8971 1
8983 1
8996 1
9014 1
9018 1
9046 1
9085 1
9103 1
9118 1
9258 1
9296 1
9298 1
9302 1
9314 1
9316 1
9328 1
9331 1
9333 1
9350 1
9354 1
9370 1
9373 2
9385 1
9404 1
9414 1
9531 1
9568 1
9569 1
9580 1
9586 1
9630 1
9635 1
9642 1
9646 1
9674 1
9678 3
9680 2
9683 1
9691 1
9695 1
9702 1
9704 1
9734 1
9740 2
9759 1
9761 1
9780 1
9783 1
9792 1
9800 1
9806 1
9808 1
9819 1
9821 1
9837 1
9848 1
9871 1
9874 1
9883 1
9892 1
9896 1
9908 1
9909 2
9916 1
9919 2
9920 1
9929 1
9943 1
9950 1
9956 1
9966 1
9967 1
9982 1
10001 461
